0.00843156948618301,0.000204630218087989,0.00161910942546429,0.00550919652781653,0.00735163301507583,0.00841425705633179,0.00937436975722208,0.0121499627906226,62.605554687223,0.999012282267324,0
0.0136257632057839,0.000505054764009303,0.0087345507746763,0.00197787851906954,0.00749441835139202,0.0118459347548936,0.0177140765131906,0.0361007295057841,299.09159137008,0.999072637886817,0
4.88186315234907,0.0438460897776458,0.388801084501154,4.16975140914159,4.5952395237184,4.85588126755636,5.1528887798438,5.65389618443347,78.6308911630454,1.01292351018004,0
0.85579343355109,0.00049044124614883,0.00557765619277436,0.846278952956057,0.851788125791586,0.855564979533533,0.859433353106309,0.867580595169815,129.339002468679,1.00118902776512,0
1.15507397364506,0.0102401709231719,0.0945469133203319,0.983052330894077,1.0886751956211,1.15388707568362,1.21819188061131,1.34997765506643,85.2472344151363,1.00971690087433,0
0.00305537019979395,6.2462915697897e-05,0.00199081744808961,0.000328494292072633,0.00149873384799315,0.00268551934391755,0.00420008496223735,0.00789115360787718,1015.82377063941,1.00077956565038,0
0.00962334621612296,0.000279920544259583,0.00680870377057405,0.000551767742170056,0.0042667123389877,0.00826381197199539,0.0140725018578814,0.025863283999455,591.6424561012,1.00056077316513,0
0.00961442854778333,6.47589838642088e-05,0.00231276502741576,0.00531024860803319,0.00813708213116054,0.00954339413313069,0.0110656064381616,0.0145645435174949,1275.44863049164,1.00065962403782,0
0.00615901341650686,0.00010693675805577,0.00289989819650432,0.00119929788828679,0.0039854497026335,0.0060298706522497,0.00803946652998079,0.0123424824303387,735.379427845793,0.999001014906346,0
0.00169082575208589,4.54532304566081e-05,0.00143753862927402,9.33708782640885e-05,0.000620665276766871,0.00129561476155106,0.00236229486394948,0.00543716852729153,1000.25225202441,0.999001290400524,0
0.00559134783642461,3.24960914627449e-05,0.00127223054706316,0.00327251820372952,0.00470342174150267,0.00553926741233338,0.00642374638979356,0.00813393452104478,1532.74314073737,0.999109832228373,0
0.0223499821202185,5.49956569831712e-05,0.00259488010368354,0.0174754551351262,0.0206515104730837,0.0222558325932432,0.0240159661798286,0.0275592271816794,2226.26984149217,0.999951368810665,0
0.0135477101916986,4.18112257316944e-05,0.00192063869364486,0.0100358722044362,0.0122683688795227,0.013452219292925,0.0147344870324659,0.017498678235667,2110.11220333106,1.00004958278103,0
0.0146686677079574,8.54054675088631e-05,0.00328679290316685,0.00877296767507462,0.0122152530707926,0.0146793274212928,0.0167778200796483,0.0215765417467786,1481.06231773705,0.999812174795146,0
0.0195410085483412,0.000137643544357413,0.00489385584839499,0.0107465569398994,0.0161541555101189,0.0192942841512361,0.0228061930902695,0.0289790820021216,1264.12683594637,0.999471991470114,0
0.0218280987060792,9.16230038994135e-05,0.00354144473900557,0.0156650879414458,0.0194368893221533,0.0216033238629455,0.0239677809469574,0.0289810581344271,1494.0044340872,0.999003845004677,0
0.00431071547065328,8.76828216146987e-05,0.00261029665231434,0.000360137891557155,0.00234981019159566,0.00401638304399496,0.00597883292043607,0.010330214259911,886.238676134982,1.00449147831617,0
0.0154858336569065,6.02635284897791e-05,0.00229471248284617,0.0114738535244207,0.0138658287205339,0.0152353330388555,0.0169630670174424,0.0206118833677091,1449.93136070839,0.999216108178323,0
0.000646434526097514,1.63433289108711e-05,0.000556751625256645,4.36818841846542e-05,0.000237711463819277,0.00049798141498913,0.00088786989754484,0.00218785481825791,1160.49144961606,0.999662015618901,0
0.0215186958159911,9.58582001069126e-05,0.00302895370537711,0.0156286837233045,0.0195101976629281,0.0214176584082475,0.0234465840787636,0.0275241648735798,998.450941701199,0.999117015504237,0
0.0182702542359441,0.000148274523667009,0.00416594417360036,0.0101386724771451,0.0156292889911682,0.0181982369880656,0.0212320533142689,0.0265783998026182,789.393991763882,1.00062084275712,0
0.00763438506210015,0.000186154576278663,0.00445206719487057,0.000712915347519518,0.00413094598801847,0.00717953872014539,0.0103574573802557,0.0171586064429114,571.973603883839,1.00019550194164,0
0.0162309552619865,6.80390535336831e-05,0.00289593734682159,0.0109853269544514,0.0142187113384288,0.0160207973852312,0.0181066048563584,0.0220842395063527,1811.59784801804,0.999102399871307,0
0.0247950877537731,9.07473667405144e-05,0.00353227163733233,0.0183105790821038,0.0224131447930405,0.0246512839768847,0.0272814901156085,0.0317954513735279,1515.09590622106,0.999946078433727,0
0.00262594528237135,5.83497102602117e-05,0.00184636986101919,0.00023372640694939,0.00120763688518603,0.00229568599371094,0.00376463328498136,0.00691862490229456,1001.29027251319,0.999107424753286,0
0.0383449298446575,0.000102912192172311,0.0033436384223804,0.0325676765469657,0.0359000167459473,0.0381486366599764,0.0406467090061268,0.0453095520262896,1055.6135483003,0.999188738238921,0
0.0150614940338191,0.000105259107677992,0.00322241634668263,0.00951772795375017,0.0128151841022989,0.0147115075306721,0.016970120176526,0.0221586736361599,937.225153748577,0.999387846986318,0
0.00228491332305298,4.58785545154422e-05,0.00151576545706425,0.000160296442185013,0.00112306907321589,0.00200649822732856,0.00316115211938465,0.00585022077558107,1091.55232457833,0.999174096582031,0
0.00357284478324411,7.17076275391851e-05,0.00260866120837715,0.000299561686661996,0.00162027777045158,0.00293780038851325,0.00489532559989838,0.00998231492198138,1323.44120522024,0.999369358088071,0
0.0226734538614937,7.69583827293669e-05,0.00299039158133147,0.0173998378097674,0.0205468679836068,0.0226114860079337,0.024475871218915,0.0287361442480407,1509.88634614233,0.999387493921604,0
0.00227850679006667,6.53832915358305e-05,0.00188082942816107,0.000126855572853584,0.000790617879893615,0.0017620342312921,0.0033476702069293,0.0071362107046362,827.4947791172,0.999541747656693,0
0.0267562803503189,5.68661071085462e-05,0.00282185161452566,0.0216263705890251,0.0248150643975151,0.0267041971076931,0.0284924406434959,0.0326255948759386,2462.41556883241,0.999558643033807,0
0.00837223226706799,0.000114050929407657,0.00286856398253506,0.00221119677709799,0.00650814356052025,0.00849634743507939,0.01029317444356,0.0137947808591783,632.603258859495,0.999012518555484,0
0.0164988013362907,0.000161505818110276,0.00316809033507139,0.0115522122000997,0.0143158582953209,0.0159486717555388,0.0182092191407881,0.0239764448604316,384.785562979611,1.00203776081012,0
0.00180292889715195,3.83249829219088e-05,0.00143533721624194,9.50855460809509e-05,0.000735752579342427,0.00144982660613503,0.00249066353588513,0.00534858373499351,1402.6326733498,1.00213537027183,0
0.0335750719713838,9.91420556465142e-05,0.0030007663301013,0.0282013174970141,0.0314572749841337,0.0334908654345871,0.0354837872900735,0.0397515712551728,916.111885054478,0.999671052466027,0
0.00152760094454843,3.22833508914398e-05,0.00118300123790632,0.000103618628006345,0.000598541018324147,0.00120346590646002,0.00214743475702017,0.00436699986269668,1342.80572779992,0.999140023534941,0
0.0113147152254276,4.19217497951424e-05,0.00190545089888359,0.00792603391799699,0.00997457389864877,0.0112462648425376,0.0125753452371751,0.0150524549943763,2065.93532117673,1.00012721139186,0
0.0136403528533124,8.48769470274347e-05,0.00286263737558769,0.00825289667122347,0.011653497877596,0.0135882516631647,0.0154650530154884,0.0194804456217064,1137.5046346713,1.00217683235086,0
0.0463801152093894,0.000110182595724359,0.00540975327281655,0.0364837712367715,0.0426131947131849,0.0460985884131461,0.0497435533558059,0.0578884748871579,2410.62090119382,0.999458044245057,0
0.0106208589759457,0.000107035943836692,0.00197371526181408,0.00706694283374078,0.00924312825543295,0.0105925225143298,0.0120018351122422,0.0144811149674214,340.024110088954,1.0000171741876,0
0.000812445420150296,1.97815954455245e-05,0.000626753610586012,6.48947847966023e-05,0.000340647136793391,0.000663148592142363,0.00110430412581953,0.00249395492767948,1003.85516383082,0.999876783867133,0
0.00116540526499801,2.95227984906259e-05,0.000968077415872336,5.05502722166379e-05,0.000438617060413508,0.000936535682553022,0.00159523470341474,0.00373075453308043,1075.23930833605,1.00006889545838,0
0.028493776111332,0.000574407851262336,0.0121321464944179,0.00445736358811439,0.0200189221304793,0.0294051681774621,0.0372676688732293,0.0496589760795782,446.10239684673,1.0050354771332,0
0.0238525204824654,9.62474244091703e-05,0.00290121037528888,0.0186850409137706,0.0217584033112601,0.0236911196828683,0.0257174407141625,0.0296658339414892,908.615645502748,0.999078023946108,0
0.00313465782735848,6.60248158589077e-05,0.00227796336010464,0.000205315349893819,0.00132637881609061,0.00272936489578611,0.00434709987294675,0.00908901186290884,1190.3620467977,0.999480393382249,0
0.000882345627575633,2.1844953779095e-05,0.00060665952337594,7.93226814993053e-05,0.000417586783802274,0.000734396856609008,0.00124260430249253,0.00235756745850713,771.236861906426,0.999293065111995,0
0.0131822946906323,3.79504037462991e-05,0.00166886133296994,0.00997796698733629,0.0121007957183532,0.0131828622883274,0.0142445510730151,0.0166885639729376,1933.78284571791,0.999701952808268,0
0.00550275851343294,3.08987084036149e-05,0.00129323012858796,0.00306765176801875,0.00461361592722432,0.00547839121811308,0.00633494727824619,0.00822086489088432,1751.74536088881,1.00037476612736,0
0.010169116147576,0.000109915130798854,0.00310796766059816,0.00413238262443845,0.0081684479142153,0.010084291874888,0.0123293404163643,0.0162650094088501,799.535994735247,1.00277587282161,0
0.0096737851029899,5.4740644729334e-05,0.00215118450540813,0.00573835940521553,0.00821127919426399,0.00959213796781491,0.0110805797889518,0.0139753562454309,1544.31363460709,0.999034366504873,0
0.0127201227296108,2.84840740416689e-05,0.00117005462984559,0.0106630012325756,0.0119210877527774,0.0126370198042574,0.013486828279699,0.0151661215260585,1687.3612323716,0.999400113544376,0
0.0163225233064893,0.000355522319576545,0.00634006719897475,0.00439221319220496,0.0119236881205886,0.0159541460641661,0.0206321040903079,0.0290633912623255,318.019668463616,0.999355858029823,0
0.02560050310719,0.000112716293678455,0.00378813340390378,0.0192991289825236,0.0228590829863514,0.0253781335165087,0.0278771984553967,0.0341768424849893,1129.47631907404,0.999280740793007,0
0.004172198096542,0.000112710835558686,0.00273301490344179,0.000377021276360037,0.00196454385510712,0.0037376245498757,0.00590698360112123,0.010483638394576,587.966606700757,1.00022089460079,0
0.02953184685554,0.00315304399208372,0.0667281048613224,3.14073149522919e-05,0.00178482812620892,0.00906959942653952,0.0323504126950404,0.170843999103534,447.875721689512,1.00391538357396,0
0.044097562732992,0.00385858696249844,0.109255574134654,3.6548034534069e-05,0.00208813691653234,0.010620609295661,0.0382178755117335,0.338391740971733,801.734591556181,0.999010261565556,0
0.0134146341187662,0.000662807695739915,0.0216633386192683,1.74462609985808e-05,0.00112344869708963,0.00523602617880468,0.0147514496110609,0.0811613886440246,1068.25686357862,1.00138508140019,0
0.0292442585706507,0.00158667470193709,0.0498642968191495,2.2309880113053e-05,0.00183295362241063,0.00962435153725167,0.0359191827952826,0.173057681552986,987.651217313668,0.999927715632965,0
0.0608442431415041,0.00705855360514237,0.181919656184677,2.68490084882012e-05,0.00281936097057811,0.0127169971294645,0.048499273347034,0.394198572540142,664.244272902863,1.00548218957232,0
0.0246609729466074,0.00143427283826073,0.0401349099026171,2.13681445285496e-05,0.00160185643581875,0.00912506363041193,0.0319884148504093,0.143340076517192,783.034751670018,0.999493800219658,0
0.0124455024154085,0.00046726378814709,0.0161089811126561,3.20094771646494e-05,0.00155240298997829,0.00611599969287721,0.0171041360382345,0.0602716666775834,1188.53477621438,1.00002241074345,0
0.0241086899538057,0.00130089769985675,0.0362628640349573,2.89803822745456e-05,0.00193178628422419,0.0100206845962855,0.0304552094077193,0.133017726476571,777.030223694093,0.99948838525744,0
0.21886907326366,0.0199962034970062,0.32473224804038,0.000107791823421338,0.00786082446055767,0.0477711269020143,0.335881830974459,1.10615230288397,263.727697089496,1.00233448131294,0
0.0150580900284974,0.000802360105167251,0.0238027866290148,3.82043882836044e-05,0.00148072258716251,0.00615716726104744,0.0176046810775811,0.0880202807274522,880.069466937972,1.00263588478444,0
0.0268443326298675,0.00105370282415791,0.0340405531832109,2.07915232643023e-05,0.003100077349485,0.0125528545265872,0.038858418898904,0.122006526708155,1043.65493251754,0.999021921654134,0
0.0374915748208931,0.00320420541454251,0.0800560031772116,1.48179951721781e-05,0.00196251371562911,0.0096923969841814,0.0340191194144381,0.270243016403414,624.233552277791,0.999105686280217,0
0.00591995850993529,0.000260166282149871,0.00773806891843655,8.35685427812128e-06,0.000754037121572463,0.00272603070551777,0.00801203598734992,0.0295121025650471,884.633059310272,0.998999702070009,0
0.0316292270176879,0.00215320461850032,0.0634346595855854,3.88932615107621e-05,0.00170224961855428,0.00924380418113599,0.0312762118787753,0.183188076128898,867.925846886814,1.00174375600646,0
0.0116957511081168,0.000570427473813312,0.0186681119561833,1.75866526581113e-05,0.000975661431300106,0.00470612950892044,0.0143538238117377,0.0649957725675861,1071.02577979465,0.99957685462136,0
0.00972340152745508,0.000493518447834188,0.0152958229772147,7.50328246668719e-06,0.000794556211963659,0.00360606411739178,0.0116906691691776,0.0534659816775661,960.591888078657,0.999094551589774,0
0.050867714245697,0.00518596375891084,0.144047512204004,3.93375743390815e-05,0.00265135990658329,0.0121707619371809,0.0424214737272292,0.358264502589596,771.529558703283,1.0011406260603,0
0.0063375341213051,0.000266691172059406,0.00879219260044456,3.8175614199287e-05,0.000924147450623397,0.00316540241735711,0.00809433046671004,0.0334028156334386,1086.86876052452,0.999001836032441,0
0.00663108252482021,0.000303538795239422,0.00955033633759619,1.18517988690579e-05,0.000647237669759376,0.00297026281828586,0.0084488953264601,0.0353194932614724,989.94010957714,0.999795019971541,0
0.0407063890481823,0.00318344068752428,0.0936206812636967,3.17558746612741e-05,0.00264229596147021,0.0114297821500092,0.0351657356185395,0.299075383570317,864.868478441317,0.999050811789134,0
0.0193626402676008,0.000825438571578668,0.0267001471437631,3.60652650771186e-05,0.00180022886005473,0.00833879791398212,0.0256079245558002,0.0966207396546525,1046.30377334973,0.999291368436508,0
0.0028591375094803,0.00011498127105525,0.0040743944908969,8.26472039540509e-06,0.000417444891271638,0.00139808910068032,0.00370690991259946,0.0132326155835126,1255.65965810831,1.0013494300202,0
0.0273004356821775,0.00177316027586578,0.0536052575619386,4.35104002067217e-05,0.00192384345834878,0.00745995729334207,0.0264732170343454,0.174663358962869,913.942319747285,0.999128507055503,0
0.0507366823119236,0.00383393046526125,0.104256014404259,2.99812579736298e-05,0.00250890207589836,0.0115973861817568,0.0474393813015806,0.386256434626406,739.458444152403,0.999241144292905,0
0.156834139425105,0.00121829340704862,0.035712779709049,0.0802351652885799,0.134224005393303,0.156757999177129,0.181043524145417,0.226747231176061,859.29744762035,0.99994787189605,0
0.0468931277857581,0.00367345460720951,0.103072725443225,4.74414996132658e-05,0.00242428474043357,0.0114444031259406,0.0454006936221167,0.321565011622995,787.296216353108,0.999332843811384,0
0.0169990295110188,0.000776771282464147,0.0251494349377976,2.62209695152965e-05,0.00151737528377748,0.00720993665956994,0.0219670790379424,0.0891469897353508,1048.26272016269,0.999069421318954,0
0.0184842867886155,0.00113088334436354,0.0335009135213865,2.81706665763559e-05,0.00166315852557423,0.00775383459159671,0.0201335102941355,0.109267663678502,877.561746703178,0.999394174883087,0
0.186878906261089,0.0144626786894835,0.201935373510679,6.03262773873971e-05,0.0085953212702415,0.0826372637304365,0.362892965039282,0.597198805839266,194.951835491073,1.00686803825997,0
0.0380284208040676,0.00302549753559647,0.0799379752073079,6.09681070040868e-05,0.00228954307078219,0.0111951863142014,0.0377696312610595,0.235624376377973,698.092030582237,1.0005998006401,0
0.0129146256674725,0.000540309426772141,0.0190192929229304,2.06794267373503e-05,0.00137015206753158,0.00560285044826235,0.0162826643948253,0.0662300714019798,1239.09226223189,0.999454304522654,0
0.0537942472792313,0.00609718209820943,0.15374853890954,3.7322326582826e-05,0.00266773913286172,0.0112458700860516,0.0440289560144627,0.404540042062535,635.863158475747,1.00205847657005,0
0.0414310903062586,0.00194903612815542,0.0517268911460316,3.14916924464799e-05,0.00321779425689264,0.0196507676889881,0.0612959200040046,0.183649040220022,704.357228835379,1.0015103061417,0
0.0220146507884054,0.0012568801312979,0.0334423994513178,2.71183832303408e-05,0.0020307711873186,0.00793184280488028,0.0268537536258805,0.12718684844212,707.957420180687,0.999175259081944,0
0.443765834479742,0.00201599930379672,0.0651607405086643,0.316745625385761,0.399052913975723,0.442916188680213,0.48759289474776,0.571383300201914,1044.69921092652,0.999006305218122,0
0.264134208023276,0.0141362892067487,0.188742638695358,0.000320597214663042,0.0599802850141537,0.288345644167311,0.416052696157906,0.583191455224553,178.26627986752,1.00367121206958,0
0.0577579868513335,0.00570314390413176,0.139390357750508,4.50253152045623e-05,0.00266171548535511,0.0126826525613816,0.0455361980648322,0.473192762233486,597.36091755038,0.999377284585155,0
0.0476198564300162,0.00417759419145366,0.119433315066157,5.92742801337543e-05,0.00241778100217153,0.0100868209877858,0.0406078176862547,0.326813628205098,817.331943771414,1.0018238012784,0
0.0529754219221969,0.00583182082528215,0.135969265226119,3.69791671508194e-05,0.00253018717924291,0.011020916508832,0.0436031666651026,0.436576376170768,543.592124953378,0.999746392838116,0
0.138015903088799,0.0061206370676028,0.108318900979946,0.000388290718931874,0.0280850325906402,0.135528324580431,0.223989489155355,0.348925485952246,313.195298204719,1.00020654249914,0
0.0659204411457714,0.00658982471966677,0.163544309880989,4.13602590786368e-05,0.00247989819839284,0.012474238010097,0.0545845618711061,0.440141859492355,615.918360851969,0.999252040479929,0
0.0427952166248534,0.00303805359536309,0.0903269973930584,5.17873242464997e-05,0.00173888304469095,0.0100013956590224,0.0380005377894473,0.311101031274349,883.98375787738,0.999089104451279,0
0.00914072654486263,0.000376800628833944,0.0128942850237985,2.27886149467259e-05,0.000823917724252774,0.00387989418841463,0.0121029630378082,0.0459664558926622,1171.03882490563,0.999000823562643,0
0.0118192118634437,0.000561080182883969,0.0190369986794471,1.34247713984878e-05,0.00101923927311128,0.00424538437180778,0.0136979324267341,0.0648705243740054,1151.19024235547,1.00394798731209,0
0.0164597489108505,0.000823749756130084,0.0269697676292861,6.73893000119668e-06,0.00151652814800597,0.00658331808028218,0.0194422081033585,0.0904014223845697,1071.92354686547,0.999417204783328,0
0.024363476020633,0.00123375336908307,0.0376087074653537,3.46085901241432e-05,0.00211676697298194,0.0100191329051814,0.029858897718625,0.128564521253462,929.223345763062,0.999209051115912,0
0.00794801438097503,0.000402326732412803,0.0130678145427958,2.11225141515643e-05,0.000832436842856812,0.00341664453047599,0.00990439914665171,0.0411392021823848,1054.98951812335,0.999247339633175,0
0.0501772695851283,0.00483204878539099,0.123874218856269,3.80961208345508e-05,0.00258546783499627,0.0130871286601357,0.047091750422831,0.335620482808129,657.202545668904,1.00048129140675,0
0.0878287130638277,0.00152188744431182,0.0385372579887226,0.0150397875272394,0.060721650120095,0.0877141447957119,0.113514375013774,0.169024125623268,641.204486772299,1.00323166811635,0
0.0240256138767936,0.00168350661593988,0.0471933933425999,1.14297878020466e-05,0.00193895740219344,0.00827075586535629,0.0262532932442036,0.127770536803568,785.83751214875,0.999001168995906,0
4.49349226899676,0.0128528957381836,0.44551417889474,3.66122920046052,4.180311982672,4.48332948188511,4.79484068159726,5.37370846413946,1201.492575982,0.999967977240605,0
3.23176585161404,0.0468638646135492,0.989027067872307,1.68456690811527,2.53203996969895,3.11392007564196,3.80115652783455,5.40081923578385,445.389686087925,1.00027906643653,0
6.14834570359564,0.0113577329047242,0.518234959861485,5.1502213586808,5.7830154636126,6.124760375046,6.48819461351511,7.17063795429947,2081.94911723571,0.999205463272037,0
1.76815651881755,0.0124494711521964,0.303459291454079,1.16012078952412,1.56704783696817,1.75927724677794,1.9867986257219,2.35072394647929,594.154064668205,0.999000135799142,0
2.29278617113764,0.011708384793539,0.347433443230774,1.63764947344467,2.05969051368674,2.27139357707667,2.52994630085727,2.97235990280998,880.540359993956,1.00058560011125,0
11.3681503669363,0.0237973004794022,0.926907287458683,9.61583500164537,10.7686475781602,11.3628625552335,11.9812601864796,13.2843358269574,1517.11046696146,0.999747127186461,0
4.98615629366532,0.010930643254547,0.384143764518936,4.24953940197906,4.74154943825435,4.97468594486509,5.23244997817862,5.73165015595189,1235.08297528094,0.999011750992837,0
7.13496503326279,0.0138151928629216,0.597228171949395,6.06056585511784,6.71668698685337,7.11314067803152,7.51697522976258,8.39392160719706,1868.8165312885,0.999330771225909,0
4.64094771194399,0.0370554508688243,0.700406813269573,3.48733166658729,4.15990682510767,4.55641270010027,4.99480684204357,6.42876308199324,357.269975661094,0.999622424495219,0
2.66624214479102,0.00869370409142451,0.264481674472085,2.15794334706061,2.4879287963513,2.66229628152099,2.82922869106282,3.21886008473186,925.510741781073,0.999972717279145,0
5.38954009535109,0.0125623201247341,0.436646804703508,4.59972914221023,5.07607290722252,5.40985910724066,5.692902495023,6.22730853649491,1208.15000557535,0.999087302844861,0
3.07050106302266,0.0119900038116702,0.386371350463496,2.34507834443783,2.79981325394097,3.08315727050486,3.33079258204681,3.88167782918818,1038.41556554141,0.999207622161598,0
7.85617883737906,0.0172571583904674,0.60853200051006,6.73853559649303,7.44294247340589,7.84548597354036,8.27113075497002,9.08171815890526,1243.44984329112,1.00068031961536,0
6.6390605569284,0.016129168631829,0.557599978485241,5.54330215747615,6.25246899818001,6.63559145506402,7.02882197755344,7.68536251932923,1195.14756676465,0.999072360301262,0
4.13568195012351,0.0125557895598185,0.382279150514439,3.38694061581037,3.89410103851522,4.13471638996461,4.38460865013369,4.85977963072193,926.985985251029,0.99992233434221,0
2.27978338410348,0.00842798544645118,0.253388922829019,1.73531208140355,2.12216617011654,2.28322374538926,2.46410101348627,2.72579774073004,903.915214983259,1.00072054100712,0
2.11860450226854,0.021513952906595,0.476849110032245,1.24195339712029,1.78169899968673,2.07262700933376,2.42092230688694,3.14348452143053,491.271449467214,1.00099713967043,0
7.77351927624519,0.0138319622436328,0.611801643380545,6.6385090970747,7.36379850372316,7.7480850016263,8.16387795996617,9.03148994825138,1956.3821372986,0.998999500872006,0
3.94975037949131,0.00755722202752697,0.295102372102821,3.39343188621416,3.74432571298751,3.95334469285773,4.15018727874428,4.51956958860557,1524.82862924849,0.999151051749869,0
2.74890238740032,0.0151658423077589,0.429514374729188,1.9031100406305,2.44716200450741,2.75301534291002,3.03335766388949,3.59538196669917,802.088582541389,0.999219760217096,0
5.93394646230856,0.0106747295545499,0.384813647224911,5.21912777673101,5.6709316143138,5.93162500398518,6.17593011190951,6.74056264449087,1299.53257252571,0.999002140696793,0
8.75622688128166,0.0274225152433795,0.858340068299129,7.10287968640689,8.16459253653832,8.72077629714405,9.29815677846238,10.5627214560932,979.72502109586,0.999946497265898,0
4.28682954472846,0.0156056694007389,0.494722669149689,3.36563491537333,3.93996638780588,4.29373986239164,4.61893110447105,5.25228863444887,1004.98323596342,1.00044593566055,0
3.54761906448177,0.0129767042014591,0.43056051932404,2.73805800322517,3.2487559970907,3.5294535280007,3.85657478863251,4.4383823606384,1100.87902731886,0.999165782191512,0
5.35511560845748,0.0131223306495018,0.422485041332461,4.5136251787177,5.07342173767726,5.34433562035098,5.63302990254849,6.22687607339202,1036.57497564733,0.999424286278498,0
2.65804535669783,0.0174686937509797,0.403297341063142,1.88870232085947,2.38714775081013,2.6570787373402,2.91773186775642,3.45531851935903,533.003247529719,1.00613355319735,0
4.99682040842378,0.00949757467936767,0.351649975219286,4.34040150092433,4.75919250641642,5.00126209377552,5.20742257377276,5.7220737689195,1370.86834480185,0.99982033632086,0
3.41473467562309,0.0115500001613846,0.372533459262679,2.68834510650971,3.16300937324773,3.4236481812045,3.66461775926993,4.1636578756428,1040.31914238431,0.999941913475002,0
6.17639756841289,0.0634149006694001,0.965678385962127,4.74435781803646,5.43561835672576,5.95196775163007,6.82568595764964,8.25081219736501,231.890196727638,1.00629466006233,0
4.11063169579165,0.0122924894116711,0.41597084464361,3.31857201016639,3.82731430785637,4.10889804508101,4.3750730434533,4.99791528137218,1145.10707597405,0.99971757592762,0
5.13488305080762,0.00721627467255293,0.296841452203587,4.598750813968,4.92961255421799,5.11409377646718,5.34755284709096,5.7162323997729,1692.0881514446,0.99913887333479,0
4.24804700296168,0.012756399441825,0.444407665332335,3.44190732502948,3.94286522286877,4.23971101968163,4.5377978632855,5.12726138891984,1213.68745426902,1.00068424655313,0
6.66282339617005,0.0180659188105565,0.600082890714746,5.57001987587277,6.24552910061896,6.64557403792434,7.04581135393181,7.95015112381713,1103.32226109202,1.0012329694978,0
3.45463218552717,0.0109682826152467,0.341155702068562,2.80222710690546,3.20145697185224,3.45757243402697,3.69184342613016,4.11466235065641,967.448831717129,0.999056447366252,0
6.64773628267891,0.0104541212193855,0.418949566177276,5.82614444678472,6.38391378478751,6.6411312072368,6.9117693392809,7.49022256892935,1606.01067215979,0.999695356278083,0
9.0836973606568,0.0767912512275638,1.23688897326571,6.7755635265301,8.16003473086068,9.06454154358041,9.96956722474105,11.5085233648814,259.440604584163,1.00370733016861,0
8.32850638519018,0.0232829352979857,0.814169438178205,6.76156776529699,7.78535835980468,8.32751502718263,8.86670824594626,10.0344313827782,1222.79633831821,0.99900703154519,0
2.08882479985472,0.0088292921212311,0.265911427198621,1.58383167089729,1.91946012464668,2.07572680356625,2.25749006188036,2.62863007918859,907.031208386518,1.00203391258989,0
6.41131265718468,0.12798912216548,2.67891550190246,2.32041384363875,4.32348681925223,6.04789964704465,8.05547327120532,12.5108299880358,438.098644959867,1.00722656053454,0
9.26672961933909,0.049837707940696,1.08004745909426,7.4156619942195,8.43800867528528,9.2091070936692,10.0038949307735,11.4397826770454,469.644842769167,0.999109161197922,0
3.2083274734288,0.0112208592756674,0.412736429010908,2.44369598703982,2.93227442021214,3.19387509978726,3.49085243191114,4.01096588143787,1352.98621919026,0.999103415555496,0
13.0267068518581,0.0230626250889093,1.09813567253298,10.9993481393308,12.3088792022212,12.9665273351156,13.7653209646465,15.2865364118296,2267.22447500731,1.0000384987269,0
8.50149890428717,0.0152144084640898,0.674059961596723,7.17075049759242,8.05893886623892,8.48176798160854,8.94678847341303,9.83144040711628,1962.84912760229,0.999334665642566,0
9.43879029857285,0.0191417738737041,0.790036513733243,7.99891900163126,8.88441381194557,9.44267280072157,9.9283069233635,10.9851754630273,1703.45225207745,1.00030424860858,0
2.20201898619336,0.0094992520755121,0.262436280149325,1.65167890221064,2.04051842733125,2.20779517757975,2.3754001846624,2.698492221397,763.253706130376,0.999313149477688,0
4.41314141983428,0.0104634166160544,0.408126779143943,3.57264655460577,4.13616525452528,4.41733687803966,4.68081676847193,5.23983911126204,1521.39907624919,0.999003017509123,0
13.5800479304862,0.0364409720341257,1.27066998512081,11.2761648290923,12.6889886053477,13.4782398829119,14.3943376456322,16.1454935637588,1215.86578403258,0.999133115799147,0
2.48555613698991,0.0418672061217907,0.723403490203642,1.35275220672803,1.97438243040575,2.35133313313835,2.95173300786403,4.19313887571839,298.547362247116,0.99908912558171,0
4.88380317697035,0.0171721905016699,0.41333708815649,4.11249116994875,4.59309621600694,4.86690400696734,5.14723650071154,5.69422979046622,579.371804107237,0.999214357084067,0
2.19483000083738,0.0108224580198734,0.292717928695119,1.66621882054535,1.9924567825725,2.19493173185941,2.39436462097036,2.78414191774186,731.554737317906,0.999193397926328,0
0.850836856642288,0.000170262244640117,0.00455036527443918,0.842604908090505,0.847694575242583,0.850577534402728,0.85375987735827,0.860766565557171,714.259148590507,0.999844697682776,0
0.920024880369344,0.000590552011600535,0.012109276283968,0.898652844588663,0.911231746283798,0.91978415787793,0.928387964878277,0.944936764553711,420.455530972385,0.999925794961993,0
0.844824400740591,0.000134319681998728,0.00371289039243159,0.838153895503976,0.842385080858858,0.844582348840301,0.847148485072803,0.852836996810577,764.090759320568,1.00128678698604,0
0.884136349160237,0.000444297402020338,0.00991285470873907,0.867373956022419,0.877070577602306,0.883390075376181,0.890253032061022,0.905857216453655,497.794316898494,1.00065752333839,0
0.905868065788062,0.000470808908841409,0.00968291653429263,0.888257837280499,0.899231848460199,0.905835311826722,0.911767668463366,0.92561171942618,422.983116082503,1.00463625312007,0
0.818378548224469,0.000119224079920241,0.0035075495677864,0.811433925161602,0.816027208046022,0.818278944206885,0.820916575167365,0.825155113757437,865.525116356455,0.999000111898623,0
0.838422800631653,0.000165586327861803,0.00460100432426776,0.829574747134915,0.835461433606726,0.838432574737051,0.841355476771287,0.847335665709395,772.069386887824,0.999215530175611,0
0.84197883844997,0.000117851969077932,0.00336409572400997,0.835593097069302,0.839704081927183,0.841852071106525,0.844241937425641,0.848794333537221,814.82248282871,1.00003861456741,0
0.864620963668109,0.000253013203267645,0.0065213693294231,0.85248768857938,0.860339097496318,0.864343947512616,0.868780219405041,0.878148677382153,664.341255891689,0.999655669373572,0
0.844296213307968,0.000206896727431358,0.00626260981292855,0.832433710597602,0.83984817671349,0.843963339344712,0.848473556223549,0.856956441570711,916.227801661875,1.00018793863275,0
0.827781164778519,0.000142061807455962,0.00454500091822911,0.818252049742477,0.824872636355629,0.827878017131334,0.830883893547128,0.836219542281526,1023.55993671874,0.999075285549625,0
0.867023259384547,0.000280553188799646,0.00658805657897244,0.856223039837308,0.86213672614391,0.86667763026481,0.871153918607416,0.881278734788603,551.422168684498,1.00171958388804,0
0.810889122661646,0.00015803674347724,0.00443845977026371,0.802221462398734,0.807820442214998,0.810763932853477,0.813894161915504,0.819352228489534,788.766453626115,0.999056792665406,0
0.840189416983683,0.000115171544552354,0.00302721168173018,0.834898653988966,0.838054683973046,0.840004099281185,0.8421394617834,0.846512051863886,690.868193588331,1.00027245519904,0
0.870056122070695,0.00028644378800946,0.00632651216619553,0.858301730975969,0.865572109273762,0.86980824148176,0.874340334566298,0.882866426633393,487.809078330623,1.00036536655917,0
0.871678338430655,0.000310781259845641,0.00697471719495836,0.859490718713194,0.866782868450028,0.871305952868595,0.876245668176842,0.885838886444522,503.667072995822,1.0023645517314,0
0.921213731676607,0.000619984695085917,0.0124965733769609,0.898471096767508,0.912460890364517,0.920773693296793,0.929407839056206,0.946194981489888,406.274860543386,1.00507649324031,0
0.832627740304972,0.000108827769809625,0.00323608718593116,0.826527876286004,0.830413172259527,0.83262187523672,0.834734199718193,0.839360615429373,884.22129275535,0.99903346665898,0
0.852699372741036,0.000184893092322333,0.00469226237412986,0.843937974013822,0.849481798772885,0.852498955036223,0.855695813811105,0.862818012295602,644.055368244733,1.00326237173861,0
0.877646892063537,0.000340066825401658,0.00815471048712668,0.862546925931378,0.872373044890064,0.8773666333734,0.882326520940939,0.895192109036272,575.027427185269,0.999410089350086,0
0.843364874117206,0.000154753297254739,0.00424764935720793,0.835386644550679,0.840534131012498,0.843147250298581,0.846027135316006,0.852598743778333,753.38591236654,0.999009120533358,0
0.799579686021817,0.00021126928878491,0.00572833092410083,0.788898523289538,0.795422105472149,0.799830592487186,0.803591878186131,0.810566426155077,735.162688939079,1.00115588774369,0
0.818051639185409,0.000185288043100542,0.00541970683766116,0.807538225356411,0.814291416875079,0.817966328190523,0.821632592718505,0.828777269820194,855.572469656509,0.999432187632088,0
0.886805965104862,0.000324196682360843,0.00725954467175974,0.872554511122087,0.881830124475775,0.886654940356033,0.891624680184219,0.901160263168386,501.419975835381,1.00168933603992,0
0.811046962632228,0.000179317945225092,0.00574223198381374,0.799760286207884,0.807138613565898,0.811200017690472,0.815130343336268,0.821964875576032,1025.44875050946,0.999043535167754,0
0.899455395631635,0.000450824175433272,0.00928851265390707,0.88226489395087,0.893174307052094,0.899126689500051,0.905067167538138,0.918885468720458,424.500259539578,0.999007153029838,0
0.847845931722989,0.000175317185635244,0.00451301414600945,0.839683805036364,0.844637553950504,0.84770923493798,0.850738846252499,0.85699638402888,662.650315381934,1.00392277477189,0
0.86273957124687,0.000243667420616385,0.00576209410612248,0.85245613557962,0.858633628046884,0.862226005823713,0.866275374475162,0.87506147389827,559.198196009302,1.0034533637793,0
0.84541200409479,0.000434939157470659,0.00699195298222875,0.830922181226872,0.840764914235424,0.846154191547103,0.850532907160421,0.857547467433298,258.428246434398,1.00398499795588,0
0.87125120646211,0.00026003345444852,0.00575907542170348,0.8602258229456,0.867404062544247,0.871035438199544,0.874824086029491,0.883057552069799,490.509114107987,0.999955928507284,0
0.851631356241675,0.000177152968064492,0.00433141083651592,0.843648098871731,0.848488016849325,0.851576830284236,0.854577697461533,0.860642507506579,597.808232477005,1.00415369988143,0
0.864223611010856,0.000214581650498879,0.00527348211775817,0.854605213291249,0.860518908286174,0.864094863060846,0.867796927733959,0.875241327924079,603.962247359049,0.999484036902337,0
0.821415875756381,0.000162285871068148,0.00466226794379266,0.811693947847007,0.818539961997902,0.821473283647981,0.824533513908471,0.83002130599731,825.340271217975,1.00052528584361,0
0.848125362569188,0.000199960852397328,0.00537532015170783,0.838642021132297,0.844408697348122,0.847637376752559,0.851319121632689,0.859957582722046,722.634534743775,0.999238085784179,0
0.833146633902431,0.000131807060618675,0.00429949943966454,0.824526191503716,0.830365276112293,0.83336410078069,0.836025224273686,0.841719216348078,1064.04119725542,0.99900024050839,0
0.837740939654952,0.000287963782576621,0.00484128222907645,0.82911090207674,0.834137356073199,0.83759475332616,0.841045456800425,0.847124965565903,282.647444370012,1.00090707031455,0
0.842335712687046,0.000107766364102901,0.00303605392659182,0.837134436240359,0.840168304367885,0.842148608542711,0.844379030735143,0.848702169592881,793.692911043212,1.00113580421322,0
0.876967079491587,0.000312312514238066,0.00766498522191681,0.863539994191975,0.871589639785544,0.876406924803946,0.881689758944277,0.892555135290182,602.343004057201,1.00772193537517,0
0.918125747954844,0.000613584914873274,0.012933322326616,0.896126351928559,0.908939483094748,0.917084438846792,0.926163211427109,0.946941847372452,444.294415906186,0.999067301848543,0
0.840462396733408,0.000133879866193582,0.00370588418635453,0.833347613062737,0.837833362409655,0.84041219066236,0.843000763614555,0.847800677619671,766.219405061264,0.999000490298883,0
0.876025155152883,0.000321566750091488,0.00685820057111221,0.863362562766086,0.871259128310036,0.876013632080443,0.880320810869007,0.890609816214395,454.860360526136,1.00105190464005,0
0.820169862209103,0.000100849004496675,0.00289104378365595,0.814410141164575,0.818189164814657,0.820077908050346,0.822100107661748,0.825836309841697,821.799942914016,0.999014238354857,0
0.831130067284638,0.00010494153401134,0.00330268905661677,0.824722613259888,0.828939188574863,0.831073054421534,0.833353864076359,0.837784297732535,990.468249174205,0.999038988571829,0
0.825017741378297,9.56228726615836e-05,0.00300847567731314,0.818947676802963,0.823016175429647,0.825128341170931,0.827015924103539,0.830797553740143,989.850111853463,1.00010873118192,0
0.873495303057963,0.000301111366464145,0.00741026750653139,0.859651395986396,0.8682219894026,0.873338988244889,0.878054034243842,0.888689571155901,605.638496490674,1.00317792857267,0
0.850595840738445,0.000197380006420063,0.0049391366959656,0.841885668793776,0.846967404537273,0.850240197359854,0.853949512332367,0.861134124705489,626.17507183977,1.00040622489993,0
0.827916812217071,0.000103306103979291,0.00280556292994658,0.822452251301451,0.826064949751324,0.82784428708845,0.829817260281817,0.833228389782208,737.544218203286,0.999275619408204,0
0.927311949797283,0.000682936463109689,0.0135779642173956,0.90139454341383,0.917725326030219,0.928164976767598,0.936808949803357,0.954377423188414,395.283528445203,0.999515853471487,0
0.809908798471814,0.000188521818072329,0.00600449649281607,0.798149858545781,0.806020101859394,0.810002975796291,0.813922074390037,0.821710622366193,1014.44837836566,1.00235366953446,0
0.881622253661757,0.000315704804671647,0.0078587599198703,0.866953025563281,0.876236866286334,0.881231249773879,0.886659074385818,0.898501466871154,619.648867476674,1.00016781023531,0
1.05141832515062,0.00177055628346467,0.0661375962242404,0.941109030072559,1.00429948588155,1.04542962544448,1.08933960512261,1.18711175170794,1395.33130820438,0.999191684422854,0
3.74472908157765,0.0279905649650541,0.601892953211808,2.89298568380597,3.30098450982835,3.6458253233834,4.0413297967012,5.19845431385119,462.397192664669,0.999374737234945,0
0.938057933046557,0.00121016756331542,0.0456451205934988,0.862242453161675,0.904823250348063,0.93449006266047,0.965700771051807,1.03639584013111,1422.64879815408,0.999088282931435,0
1.9549818345484,0.0122006531509109,0.289529065223719,1.53152195402412,1.762477711293,1.91045158893077,2.09804261013394,2.60560741779468,563.142331604844,0.999004129861856,0
2.88037784621017,0.010552575948709,0.288973215052979,2.43519661302972,2.67228535594228,2.85073611636888,3.03164008555229,3.56324809074603,749.891112707458,1.00081571835101,0
0.564151723785744,0.000569591121629654,0.0193245854280449,0.525889307607255,0.551317827937208,0.563623667747005,0.576223843398758,0.603347742868791,1151.04936351454,0.999505212497558,0
0.833573463470347,0.00164982691626627,0.0569933308321646,0.729662977391193,0.795238090961421,0.832177923484821,0.866077782844173,0.956495421805392,1193.35953803668,0.999008603037825,0
0.889269789330348,0.00103655683198308,0.0381859537628872,0.819634552046126,0.863589952226437,0.887990606192499,0.913903882578067,0.96738003616238,1357.12874056938,0.999086346206458,0
1.36204480319441,0.00643375671521686,0.1294874242183,1.08868798290616,1.2860342496357,1.36260046009588,1.44531940642218,1.62281933843675,405.066115048213,0.999244039258652,0
0.933180970155672,0.00339580125646568,0.10254293768753,0.748226481017241,0.858788769305137,0.923093542943033,0.999139167593083,1.16138410668714,911.857513299681,0.999122020616875,0
0.679414874485491,0.00145977413299408,0.0506832096571086,0.5866037696167,0.644612220383613,0.676297974345174,0.712482234025752,0.784225351924152,1205.47134836011,0.999060367201835,0
1.42242521474329,0.00373782200202343,0.129218368963753,1.21463205396168,1.33077858092876,1.40395385835159,1.49825945637111,1.69925875977157,1195.11934895712,0.999202731839942,0
0.486536879742006,0.000757299766062203,0.0250408119340577,0.440629288626526,0.469194658613389,0.485471140519542,0.50322218274736,0.537378439913992,1093.35493039054,0.999668746576734,0
0.859310207505503,0.000982869208979938,0.0337987110874058,0.800405434484546,0.834265822428756,0.857331057106724,0.879549674198756,0.931514718104655,1182.52088000572,0.998999634585083,0
1.49995913607866,0.00302194852129304,0.100144262909354,1.32620994906314,1.43046894884584,1.49199578004979,1.56076009724248,1.70830976178191,1098.19136601274,0.999275351485081,0
1.54817523223021,0.0043630608233734,0.138443329984467,1.3112048230654,1.445466753207,1.54080011424219,1.63412647765519,1.86771489398914,1006.84249935404,0.999379208783922,0
3.81917143828412,0.0277444480107328,0.594563154558602,3.03587106186728,3.39344780711399,3.71971492615481,4.12736394781254,5.24607630409973,459.244334117345,1.00212222312872,0
0.743771320583362,0.000846985720368267,0.0323631222642685,0.686697219163111,0.722940760040559,0.742229319096686,0.764660859356187,0.814205632046546,1459.98586442147,0.999393471873968,0
1.08724574992015,0.00150105978487555,0.0618287885003625,0.971856781242571,1.04553656245786,1.08483405548805,1.12838884362587,1.21547701417018,1696.62356173304,1.00083549562547,0
1.73259744266052,0.00747733445237391,0.206300591579612,1.42757795305629,1.58882310397325,1.69625432966595,1.84762238873143,2.2164726438333,761.214992879785,0.99988171048132,0
0.913090136697944,0.00162518838840591,0.0570862293620684,0.813106515805842,0.875052843025768,0.909908445864164,0.94712602893064,1.04002812609621,1233.82991201946,0.999923874556605,0
0.387528954990079,0.000764284903922924,0.0234110836466187,0.346252816504884,0.370699294249412,0.386659997451475,0.402979007677684,0.437675713924684,938.280024034113,1.00019120019528,0
0.562417743947672,0.00163011417886054,0.0511674257308872,0.476156752490144,0.525557297707538,0.558092943002348,0.593754367079926,0.67454453759628,985.260531584272,0.999992550215048,0
2.03653967578043,0.00441841444399857,0.135224304040141,1.81497079616047,1.94467655665384,2.01841324776108,2.11098124846189,2.35141014097496,936.648431027239,0.999006516751734,0
0.489144462879877,0.00163285145123882,0.0490309963402802,0.401651322438819,0.456585233657804,0.486470796027397,0.519915009068875,0.596462878561968,901.670962431996,0.999250735946256,0
2.5694823892239,0.0142630794408319,0.287727052085296,2.15662351088967,2.37550547007085,2.53045139074253,2.69759821891006,3.22861722202409,406.944131667923,1.00593477404715,0
0.993885603754882,0.00182530291904622,0.0645923998974836,0.880086363524664,0.950700270262096,0.988063983627272,1.03432262785726,1.13379733735091,1252.25549188707,1.00117129506239,0
1.31165772859304,0.00271418907973143,0.0912972043462218,1.16240206157258,1.24560037166042,1.30295949457308,1.36440596016552,1.51709770524371,1131.44842016149,1.00036312766597,0
0.957575736372566,0.00801962687214041,0.119404303312529,0.718114854774924,0.865048019145342,0.983061247923805,1.04513614650718,1.15406596300757,221.682613644683,1.00630208569801,0
1.53351753760923,0.00265650868812472,0.087081641983974,1.38772960415572,1.47479279640854,1.52606718169616,1.58322277526695,1.7261277405873,1074.56016673952,1.00036070053404,0
1.0673163207842,0.00159280537365749,0.0604392697791985,0.954970220375008,1.02489267106813,1.06729493220908,1.10609974373286,1.19136858174587,1439.83588339304,1.00071975488737,0
1.34778565481496,0.0024805969691765,0.0809476023889531,1.20567149091041,1.2916428714148,1.342779479735,1.3972937060529,1.52683157307293,1064.86747454742,1.00102591108202,0
0.600495081691758,0.00149493109099648,0.0439023018162545,0.510446740816299,0.57136015898933,0.600530645596244,0.628189284310169,0.688651571977535,862.446638128029,1.00133949572509,0
1.00068815958517,0.00285133463174076,0.0864440967356615,0.856360653805519,0.940170468503169,0.993790877514953,1.05361469873577,1.19679177784214,919.12441678369,0.999352917630314,0
0.75234903166016,0.00168793083568329,0.0557217987627739,0.646322943494647,0.71618879241572,0.750617633277958,0.787613813238296,0.860559817348254,1089.78533853473,0.999535452522987,0
0.823194182156298,0.00510275410179158,0.0719624140345447,0.706943719453208,0.764867059373671,0.816199910870345,0.881326519124284,0.962141762586628,198.885062595434,1.00282847429673,0
0.895279930359276,0.000922140008499263,0.0320798232452377,0.838874638314925,0.872589072963817,0.892259004820666,0.915235957074451,0.964130976304429,1210.23637914716,0.999070877174852,0
1.70957556425457,0.00643302720423138,0.181744242898623,1.40264773566867,1.58207586691569,1.69427674791384,1.80731623231451,2.10676740671664,798.161084536112,1.00423823229172,0
3.621437861775,0.0277198152022805,0.619295119011898,2.7655188258424,3.19129032147856,3.50949200228147,3.91192346001013,5.28338814447842,499.131125345807,1.0008275612898,0
0.866094902444654,0.00264309239723941,0.0542534195128325,0.766319027658688,0.825289629606393,0.86402341125167,0.903778829763688,0.979380985760767,421.336944740357,0.999679901346847,0
1.67659910406569,0.0042976012653323,0.142249920268895,1.44289819430095,1.57546912985599,1.65934432940243,1.75402244714653,1.99478517318077,1095.59950048883,0.999071400874008,0
0.583880265131503,0.000356057358221366,0.0141584193331155,0.559149673207967,0.573610982387773,0.583595165355358,0.593017767012507,0.613065965861586,1581.21021400004,0.999214630359836,0
0.722629213648155,0.000810128640039872,0.0312322706073723,0.668676716076645,0.699994080005099,0.720494735049743,0.741711557281721,0.796034955708224,1486.27490880346,1.00019366827961,0
0.642016678249935,0.000581673160051445,0.0221702445022006,0.603138513777348,0.626527732314007,0.640780635014873,0.656567794677743,0.692323107783348,1452.72334597096,1.00225721841214,0
1.60239418699631,0.00581871792471318,0.162759972171434,1.33526382730959,1.4913844768539,1.58624949361497,1.69368679731145,1.99761387386754,782.421192635639,1.0000576485788,0
1.04655295817077,0.00203835833317136,0.0734350177309568,0.92079632201579,0.993758099382925,1.04108273072338,1.09217417336808,1.20367079236337,1297.91228097299,0.99902932502197,0
0.679264404457081,0.000530244707042981,0.0172463958578727,0.647877874512944,0.66713122815497,0.678411059319854,0.689861886223986,0.7157971382675,1057.89853685214,0.999152580760872,0
4.28048718404915,0.0384398524244091,0.755414075836563,3.12841745112874,3.71789507305754,4.19967945651898,4.70542225998212,6.07771773313627,386.195067290542,0.999397323005741,0
0.47834952958514,0.00218590600899242,0.0547302477956226,0.38851322681595,0.439376998086004,0.472340155492803,0.51176319876115,0.592300070269847,626.890749003119,1.00086950713889,0
1.85850105870198,0.00680015557866969,0.18340603481029,1.56326072110624,1.72202834525392,1.83605365169249,1.97803223230186,2.24024449355668,727.427215524883,0.999442513017572,0
-13209.1553618395,0.693007480560151,10.6193488068604,-13229.8686948147,-13216.470173523,-13208.742234095,-13201.7950841729,-13189.8131855969,234.811804973249,1.00065653530561,0
