0.00886159870290937,0.000138877690104482,0.00154182226103015,0.00605356693595645,0.00776979709651333,0.00874679331738998,0.00984904360537201,0.0121974378216392,123.25474702484,0.999136340731313,0
0.0143271106913052,0.000356778675797664,0.00886042909820202,0.00202113976515065,0.00789487091849946,0.0127501100533153,0.0192068825086054,0.0344368689353971,616.753653503605,1.00235851888573,0
4.92717576618749,0.0440971357399369,0.410925718473391,4.18115125074824,4.63994887873543,4.9232579890238,5.18897258356528,5.7635762346881,86.8372143702801,1.00395819181307,0
0.858294531672503,0.00068868181426934,0.00603170942229236,0.847157117803883,0.854152367913285,0.857953682044525,0.862746505468253,0.870379433474601,76.7085180575912,0.999509480794638,0
1.20967402527556,0.0143517514504766,0.1061974796521,1.00755903547194,1.13618064132366,1.20345703439604,1.27936119622919,1.42490722725159,54.754347873699,1.00074711006787,0
0.00311756413556603,5.24060812183374e-05,0.00207042312658591,0.000197538386770251,0.00153410296290022,0.00273406610874893,0.00436763046408752,0.00772883141846922,1560.82728713259,1.00012733269136,0
0.0102685499594031,0.000248099462525641,0.0067967058171784,0.000804140453801535,0.00471611913072768,0.00922747909535757,0.0146782870489177,0.0250641736209646,750.490671741143,0.999459810355962,0
0.00962207280471071,5.77864595011768e-05,0.00231433726824444,0.00542415136034747,0.00796302695227361,0.00962664344850774,0.011138960622974,0.014086479377431,1603.98803599206,0.999363595519162,0
0.00598790833573031,9.03134420392553e-05,0.00292039566984346,0.000890778227881808,0.00392184846309835,0.00579741436605901,0.00790005020825961,0.012005019042094,1045.63136671759,1.00050505916616,0
0.0017176388605724,3.79730411655095e-05,0.00143639671873199,9.83219784583232e-05,0.000641896748100465,0.00134877138417715,0.00235278575749395,0.00556526676085782,1430.86298333623,0.999386653166856,0
0.00555911213769168,3.09626398918579e-05,0.00130408413611705,0.00332039593781257,0.00464496366872995,0.00549086733537118,0.0063969482322148,0.00830961580994551,1773.92502390468,0.99906181515358,0
0.0224131927495891,7.79742435811423e-05,0.00254453430560123,0.0177918970873988,0.0206288693652881,0.0223578654969827,0.0241471673317154,0.0274904717710776,1064.9133710189,1.00168864324145,0
0.0135778194686647,4.36455610272007e-05,0.00189092496173584,0.0100219221424745,0.0123619935511048,0.0135254226688805,0.0148190144606765,0.0173196049878133,1877.01796430595,1.00054504704054,0
0.0147115298230661,8.28777616509169e-05,0.00331667854287111,0.0079327965662823,0.0124778046707975,0.0146442819439723,0.0170945160277696,0.0211496786778955,1601.51398653666,0.999094980557139,0
0.0194851964519597,0.000115401565400646,0.00480068701140897,0.0109139768552098,0.0163354348148969,0.019334121571383,0.0225220564743448,0.0293594854239327,1730.54694396034,0.999195399046043,0
0.0219969708539973,9.29088789367135e-05,0.00343728515441351,0.0159684423464229,0.0195542863890935,0.0217269115335348,0.0242134867062103,0.0289183413171126,1368.72652954784,0.9995316087429,0
0.00432540792050848,7.64443169999713e-05,0.00267864114238575,0.000321645442753503,0.00222407379460826,0.00395920612616931,0.00613334222646073,0.01021902836498,1227.83118787735,1.00029964961446,0
0.0155159429553472,5.86397051735931e-05,0.00217720768448842,0.0115937301107381,0.0139841399530022,0.0154010659139055,0.0169399170285041,0.0200004530409485,1378.52980630331,0.999673967865756,0
0.000679119306883475,1.57343303701677e-05,0.000569767356501609,4.25355505657465e-05,0.000269192121571463,0.000532286278027682,0.000916699371094796,0.00228542622180649,1311.28954335856,0.999172054988216,0
0.0215030855480318,9.33483835162964e-05,0.00314465225418127,0.0149744717656696,0.01955853597153,0.0215571961667053,0.0235844156937812,0.0276564576115983,1134.83219946371,0.999141950094276,0
0.0184071984471014,0.000128671073840015,0.00419710779487039,0.00962465325835499,0.01571321665177,0.0186572285773791,0.0213689141391808,0.0259385487746193,1063.99208172264,0.999813638406637,0
0.00786679438754202,0.000150988183612992,0.00435936138159303,0.000896989918076896,0.00468247751732173,0.00740364439969249,0.0105570203537739,0.0170376593790414,833.604065426168,1.00238241792462,0
0.0161719204803173,6.75855496523894e-05,0.00279942581655963,0.0110590670857592,0.014299566049492,0.0160869229437355,0.0179079255427565,0.0219793515770831,1715.65605175975,0.99906977750539,0
0.0249330003663691,8.2060645499008e-05,0.00348828297493554,0.0182623553628112,0.0224731086553497,0.0249828682371433,0.0272096814968602,0.0320917627764705,1806.98088713955,0.99912343695327,0
0.00280452914841582,5.07156720505632e-05,0.00185794666725435,0.000249050832291018,0.00136443448734682,0.00251196553466251,0.00390580878232981,0.00711067403918,1342.09147264866,1.00013323468628,0
0.0383248342988131,0.000111750125623496,0.00353899825603884,0.0322262300178617,0.0357482059183502,0.0381395874805374,0.0406316037390725,0.0458809520877256,1002.9162247947,0.999378316092421,0
0.0151376973418305,9.24807197014432e-05,0.00333416753287989,0.00963312321591475,0.0127820835568922,0.0147589109258792,0.0172008314082752,0.0225998442078298,1299.78773514393,0.999129352777428,0
0.00234939966308652,4.04587853019362e-05,0.00150827225802096,0.000208181451768896,0.00118061178463888,0.00211127688748177,0.00328376626241035,0.00569667105763755,1389.74079631913,0.999217335045174,0
0.0036939042410415,7.09621083681429e-05,0.00274431915029707,0.000228678045393215,0.00158525118480716,0.0030165338610868,0.00521821445334997,0.0102060448035485,1495.60260032187,0.999030475956193,0
0.0227328826901228,8.6237805095641e-05,0.00333020868772055,0.0169198788624743,0.0203601027556112,0.0225603947684864,0.0247498496606595,0.0299287384845128,1491.23988211331,0.999024472616933,0
0.00232292942596993,4.735404205598e-05,0.00190307185402141,0.00010927420360035,0.000882643122969299,0.00183242158597927,0.00331358897154032,0.00687737157669876,1615.08826398142,0.999011386135009,0
0.0268904546116115,7.9111940557616e-05,0.00284559779463941,0.0218257209750791,0.0249455042878604,0.0267564959216704,0.0286714050262727,0.0329943020987089,1293.7875154708,1.00042514297771,0
0.00849281589703304,6.98288431025055e-05,0.00275662563861664,0.00316808194933262,0.00652013922941091,0.0084767994574368,0.0103518479439602,0.0139355575443491,1558.42493524049,0.999486152825486,0
0.0165983243401961,0.000118835260954023,0.00299538813313202,0.0118278143449123,0.0144889754235428,0.0161415214634534,0.0182289914666779,0.0239298240334093,635.353697126719,0.999209120038886,0
0.00174207689046433,3.6464046862473e-05,0.00134300201087715,9.18768422404584e-05,0.000706743091607176,0.00144575728077498,0.0024807060243104,0.00504650310889255,1356.51185613746,0.999602799590132,0
0.0335775512568803,0.000101596596285144,0.00321112395305077,0.0282440709578626,0.0313034482993153,0.033371835091649,0.035483384981183,0.0411549265397915,998.97776889948,0.999772577664901,0
0.00155934949852073,3.57797501865543e-05,0.00123533252008468,8.62209442522724e-05,0.000617496190089075,0.00127399446813622,0.00221585662053767,0.00450208309606639,1192.04634565739,0.999097637808912,0
0.0114322256765144,4.34327535866604e-05,0.00185100993959,0.0081525861540066,0.0100530465575181,0.0113919162460957,0.0127529734767812,0.0152841230470475,1816.27988685155,0.999074161630329,0
0.0135805722553234,7.78367023627464e-05,0.00300701829373965,0.00808128771779527,0.0114755710439569,0.0134753467545148,0.0154854422844015,0.019776522281023,1492.46200554092,1.00103369907189,0
0.0462929519912669,0.000138401828280497,0.00510529337452952,0.0372859410992136,0.0426644503500461,0.0462720278630497,0.049479774167503,0.0572992987129056,1360.68548878316,0.999249898190261,0
0.0108627164587125,9.84795490605626e-05,0.00198743801374801,0.00722363323171782,0.0094472633031874,0.010830357364818,0.0122214646265912,0.0149484405000841,407.281873755543,0.999041515506657,0
0.000823218628465755,2.07815689878579e-05,0.000690339471027937,3.97480553605242e-05,0.0003457662121736,0.000639163486856308,0.00109470263442594,0.00270073676184991,1103.49087017317,0.999045422089614,0
0.00120324327492661,2.79334224184157e-05,0.000996750664701984,5.52872028463257e-05,0.000483092548657621,0.00093540109253289,0.00170944816428239,0.00385489071256461,1273.28249943328,0.999260518971606,0
0.0287191387080151,0.00048582588785038,0.0119894671438756,0.00557722032963835,0.0199330497766,0.0294835996108207,0.0376640946626746,0.0503803561797674,609.029679981911,1.00076460790067,0
0.0239745778669698,8.9984225022296e-05,0.00302820063551169,0.0187039899378176,0.0217084015001667,0.023841834172406,0.0261393664829068,0.030097274775878,1132.4956202297,0.99904280393603,0
0.00307943247162286,4.94243794362578e-05,0.00213761938503531,0.000197874163911173,0.00140591994937719,0.00276156256268365,0.00436805212029226,0.00804056076788765,1870.58870754445,0.999140198318979,0
0.000909404309997459,1.52341375323577e-05,0.000626526266635285,6.50571925946678e-05,0.000427633468197127,0.00079514873526768,0.00127659326636125,0.00244455356853638,1691.38635343449,1.00056490447775,0
0.0131908769300145,4.50837608979597e-05,0.00175836567347735,0.00978952119062185,0.0120286497881098,0.0131405829372324,0.0143307630509584,0.016762731195601,1521.17128333737,0.999355261480096,0
0.00550558142443838,3.10947482000632e-05,0.0013835602572272,0.00309935048182841,0.00451796850285741,0.00546072597738132,0.00638855302349268,0.00839340875777355,1979.80341107696,0.999036006000378,0
0.0101951645322234,9.51710030566252e-05,0.00325008838497377,0.00362740889389403,0.00805989849618694,0.0104058159065772,0.0123096046719005,0.0165616974776872,1166.22151723551,0.999085927003548,0
0.00968155752867445,4.45942272975349e-05,0.00234331790474806,0.00535944109024818,0.00807482237336452,0.00967717493169847,0.0112289715829441,0.0145311817384072,2761.24622734007,0.999139232210148,0
0.0127340399249897,3.71934513882872e-05,0.00121894948111762,0.0105006706889032,0.0119325151063682,0.0126842503786064,0.0135418174845404,0.0151668470829337,1074.08450642889,0.999395070460739,0
0.0159738317090844,0.000185209089192706,0.00592068500956279,0.00543297707777979,0.0116725601162016,0.0157802519799056,0.0198554398131266,0.0285586354602165,1021.92569952942,1.0026335815247,0
0.0255310639374334,0.000128676843039039,0.00375616442603963,0.0194951622985531,0.0228510347402597,0.0252999525202977,0.0277015921670127,0.0340152310838058,852.095743272983,0.999073306508778,0
0.0042899857382797,0.000102668997258691,0.00304944959492665,0.000327519664453519,0.00194230680595019,0.00368415324150393,0.00611116593010688,0.0117735816958031,882.194361316363,0.999340890681979,0
0.0267548581843575,0.00184870315286856,0.0587625931983013,2.65234128744525e-05,0.00191999538081875,0.00886350623943336,0.0299901721526158,0.152867012095846,1010.33998810619,0.99901323624273,0
0.0457129230589853,0.00340005618974202,0.0962146885004931,2.84562624827407e-05,0.00249104659089998,0.0115747418046216,0.0392901994313951,0.323469308977886,800.775113525842,0.999656212730507,0
0.0132195312699491,0.000608807427722054,0.0193696025982067,1.96346030983741e-05,0.00150146458688446,0.00565619472549037,0.0170354051326481,0.0745211953500654,1012.23543445863,0.999213930038349,0
0.0278790438307,0.00178956605568155,0.0558065942821856,3.42360862270116e-05,0.00237360966062558,0.0097306323126494,0.0308623606945087,0.16603611561315,972.468565981614,0.999596308392618,0
0.0500842140999285,0.00390365801234598,0.109160386291838,4.02345205635351e-05,0.00198471011009421,0.0124708506772727,0.0475373181050976,0.413983367562788,781.963714339202,0.999005377610514,0
0.0240204012314335,0.000876502942780796,0.0334202169286493,4.7556452835144e-05,0.00236135218066261,0.0105043455574632,0.0339087317378578,0.124412393501012,1453.82379252679,1.00029674652034,0
0.0120720138833721,0.000451436611785011,0.0153863222935577,2.29242512722988e-05,0.00150252000931012,0.00603001347527588,0.0172901352082675,0.0561219104416995,1161.65213535082,0.999203080369505,0
0.0270787060660634,0.00118386539597851,0.0413134233339137,2.19997580688991e-05,0.00200231384649712,0.00964151787245901,0.0338294341083768,0.153100815075066,1217.80488970484,0.99915837535061,0
0.235133404636679,0.0208705752278786,0.327160312621468,6.36551770500777e-05,0.0094209296417197,0.0644109328841798,0.382271373630891,1.06367611108995,245.726724044002,1.00053337208696,0
0.0157983929173297,0.000824819050708462,0.0239410088659034,2.84005807317217e-05,0.00143298966038555,0.00666809660825742,0.0194242080864741,0.0849177073310526,842.495380990352,0.999090170373126,0
0.027123481758678,0.000990750147942886,0.0324544418502195,4.13629381880687e-05,0.00268235918265735,0.0144920726344066,0.040740098084787,0.113606941052422,1073.05009515752,0.999447484156462,0
0.0323990614191035,0.00245969992451131,0.0699331494528267,2.5091204519257e-05,0.00199368306705336,0.00853557721367705,0.0322512152345439,0.202927702866163,808.354608902109,0.9993633258424,0
0.00590625363598321,0.000215962006399555,0.00812384393093633,1.29543863342028e-05,0.000796169974515469,0.0028821273606163,0.0078456166523089,0.0284585312852008,1415.0390848159,1.00030159484001,0
0.03498263640783,0.0029206598122765,0.0734786021420291,1.78051240796348e-05,0.00180550356752583,0.00992792025939578,0.0327973023587406,0.248110128111253,632.936034250932,1.00060391558143,0
0.0114824416319347,0.000553529251179679,0.0172858586377703,2.45757549964893e-05,0.00108793542240201,0.00479749030669263,0.0145004195260082,0.0551095674762318,975.215874314831,0.999002786397522,0
0.00979887253484197,0.000461792682118967,0.0146274791823105,1.51508275965479e-05,0.000960242175140709,0.00423965916204001,0.0117787888815942,0.0554003292831488,1003.3325097373,1.00053831062898,0
0.0474653572720707,0.00439965402753608,0.101050967245505,4.72675724043914e-05,0.00207390465277777,0.0122523694809699,0.0451443061419846,0.303806950596494,527.52603313769,0.999266607808402,0
0.00614342924476908,0.000259613086172942,0.00821258355145326,2.59481318697174e-05,0.000708537125266224,0.00264255572441127,0.00829799131313045,0.0282688789859359,1000.70585779417,0.999507203019983,0
0.00634987205547503,0.000266031943993666,0.00856221412281522,1.59772034272158e-05,0.000821474900104897,0.00317502645351094,0.00849667440117137,0.0313513878790565,1035.8684191875,0.999412321370469,0
0.0487302935779075,0.00453219341775935,0.111231050583132,3.66653007874888e-05,0.00219052911866333,0.0118638694190942,0.0463364687395289,0.349684656720749,602.330988152408,1.00037443042276,0
0.0204765916722716,0.000771764609859013,0.0277140016767069,2.15709184992328e-05,0.00166302547232111,0.00844065569837988,0.0291488162444276,0.0959825153568475,1289.52200802485,0.999000992511386,0
0.00303768453147762,0.000143766385029986,0.00435033350637039,5.35949112779621e-06,0.000394889105339098,0.0014281526357978,0.00386051293697521,0.0158989126162075,915.651896280732,1.00202853914985,0
0.0226997366403486,0.00137500804782734,0.042921094199517,4.45235437815344e-05,0.00187084082133387,0.00792573400000313,0.0249979369140203,0.137785873853133,974.386122350918,0.999145157626622,0
0.04719133001461,0.00491916334779925,0.123964800622958,2.23409335325642e-05,0.00236485407827314,0.0117382384460338,0.0429409921474939,0.326159037416903,635.059305589029,0.999468587113214,0
0.156819432597362,0.00237486835347264,0.0413000836317355,0.0699149933083663,0.133524920076614,0.158654893971823,0.182083351543359,0.236894108404359,302.428546068808,0.999043531584997,0
0.0555079847426108,0.00478918257122813,0.124827549928546,1.76270400268599e-05,0.00237003252626331,0.0128183375868514,0.0483959433160637,0.386194714022702,679.357080492755,1.00844951795693,0
0.0162263750996444,0.000697877631982984,0.0234997600741615,3.01802183034433e-05,0.0016640585758054,0.00676534591813611,0.021033722187218,0.0822821339993467,1133.88314341599,0.999147966988421,0
0.0191833616183012,0.00102656025002452,0.0329419607908659,2.45649016280528e-05,0.00137344418546918,0.00673658219588175,0.0216479433656512,0.111110443567177,1029.74574113292,1.00225815185917,0
0.202753074777701,0.0123993748639719,0.201563763583728,0.000224283835512942,0.0146810252128352,0.132863678748028,0.374161437176716,0.612874117414449,264.256292603865,0.999014078951634,0
0.0376774277834646,0.00281291947701901,0.0775224563667924,3.62451329253805e-05,0.00270402984726188,0.010809888820595,0.0364178252682683,0.245644902671852,759.522161237599,1.00019392546743,0
0.0132656962899564,0.000509346538233447,0.0186603339862817,2.85507059052912e-05,0.00148108574810876,0.00653804181804708,0.0175572824642399,0.0624485031021105,1342.18415494029,0.999702519931486,0
0.0500185406571104,0.00448123018720788,0.114435366152403,7.55872672795708e-05,0.00287528210543181,0.0130075189905564,0.0416125070501824,0.335408459981568,652.117749840399,0.999544447689455,0
0.0431535564387978,0.00180915467132217,0.0533067070399453,0.000149616094589465,0.00439029361704494,0.0202235216278583,0.0658634789326433,0.182658714576825,868.185073518597,0.999705230876616,0
0.0227505507897026,0.00107790164065096,0.0331471234044672,4.18860116397107e-05,0.0021644796052524,0.00962847205885514,0.0285299409041337,0.119006649232701,945.656526870672,1.00678693636911,0
0.442422324459356,0.00185545164473094,0.0660422680229714,0.322247299632175,0.396029497109969,0.440820794670926,0.485557578422012,0.579427057075065,1266.90683027093,0.999031777431458,0
0.288887325392467,0.0133433449056084,0.181693989963461,0.000694374858501785,0.114658549553279,0.322934851258239,0.433408578902553,0.587748901656549,185.417917915181,1.00066491619074,0
0.0533517449648045,0.0042529344374718,0.121295375648532,6.00310104742799e-05,0.00271076492021614,0.0124820716439626,0.0466509115831235,0.431877864743936,813.413005832224,1.0006494934602,0
0.0469686776937345,0.0053737512268165,0.135607225146648,4.13227743082711e-05,0.00285187634173127,0.0117067596501167,0.0388529372238256,0.287422615415494,636.810981695111,1.00119330648929,0
0.0562952253603834,0.00513633480258594,0.131398578024666,2.6495684145027e-05,0.00247579203171781,0.0130853958745859,0.0488076643151629,0.438067167989821,654.447301656596,0.999055225047291,0
0.145651631604959,0.00481038231863215,0.109067324005378,0.000202783102685839,0.040632855192659,0.143631806443495,0.232978757728978,0.354978692257464,514.079311360109,1.00076900912155,0
0.0730420941288128,0.00685663567127108,0.198686523556571,3.01633845477989e-05,0.00252312232321253,0.0129661677574427,0.0530876030672161,0.589244363633564,839.681673050689,0.999589983881605,0
0.0441734077640492,0.0036061336762636,0.107923783041093,2.06561008523934e-05,0.00228877121321498,0.0107183095411124,0.0418054593643845,0.267577360908335,895.675463644107,0.999033725812259,0
0.00997371633150437,0.00048191342221115,0.0151107905145386,1.86799584288062e-05,0.000961320873702532,0.00419317637202931,0.0116633108570828,0.0553869595880142,983.187446844598,0.999011993479346,0
0.0111868055442144,0.000403579025121696,0.0152860451135073,2.14287832204215e-05,0.00109314547698895,0.00496957557149002,0.0152253668232841,0.0572413689903498,1434.60751040778,0.99901505643681,0
0.0176979484739544,0.000821935105574927,0.0267343162461778,5.442098810416e-05,0.00150430999126395,0.00662638992753016,0.022129335175404,0.0899345282063906,1057.94502915376,0.999499102794216,0
0.0239676713125058,0.00123384402137304,0.039726744016857,2.38873848130003e-05,0.00203298766692849,0.00852158549621399,0.027725663981252,0.146339497136334,1036.6816752086,1.00049045043827,0
0.00800410497029134,0.000329456762211787,0.0109826470241656,2.80204659999573e-05,0.000966782705494236,0.00372752166688039,0.0103560346692235,0.0391805647510758,1111.26388308313,0.998999527903778,0
0.0603641698477219,0.0108015213662292,0.272517432958522,3.69294179385529e-05,0.00242855088495634,0.0120204919607026,0.0434905005890049,0.316441443848591,636.529770775384,1.00311239641068,0
0.0871117868536099,0.00185756039998416,0.0381279446261908,0.012803711871428,0.0611457628833683,0.0865243239622404,0.110936503699931,0.167574004190826,421.309158869229,0.999000989230426,0
0.0255167532797111,0.00208257915458786,0.0533789043606358,1.89343256910125e-05,0.00154979888234632,0.00773057606455183,0.0272903989287942,0.167186895007261,656.955989704416,1.00091785399813,0
4.51246510330098,0.0100777534241455,0.441387638167117,3.66234161258776,4.19395323803278,4.51011265315365,4.81619212682076,5.41790755851363,1918.28387169283,0.999356126661858,0
3.24811326590347,0.0344396244882238,1.01918145719887,1.73603050803779,2.50342988587851,3.13426279746482,3.82643814631772,5.53404492352988,875.762232542151,1.00008794714661,0
6.16663487147392,0.0107433060859896,0.505773257574287,5.1402554287205,5.8299427568638,6.17634012182953,6.50876155374691,7.1991047873497,2216.33715200292,1.00011196988957,0
1.75718322415258,0.00963369902441813,0.318063550755158,1.1592119998247,1.54309233517313,1.74383230629125,1.9738738722521,2.37189951607789,1090.03804951683,1.00105325787183,0
2.29094027102156,0.00885914673169455,0.341038799177382,1.67298344881876,2.06506003458507,2.27388154341645,2.5167078514568,2.98534590520343,1481.91669663256,1.00065173689842,0
11.3615395037424,0.0223390598220123,0.910166087847875,9.76754417725233,10.7046543097782,11.3367190269708,12.0162311250432,13.2032707328728,1660.01310908563,0.999088847078562,0
4.98661856989537,0.00800415524019639,0.366164729784741,4.27719181556701,4.74489227242026,4.99371558306907,5.22962434601297,5.75405592626406,2092.77246325468,0.999137764144093,0
7.16294730509517,0.0130134376044171,0.575766376154948,6.10983557334055,6.76748291544943,7.15044986915132,7.55737376586825,8.29024276900188,1957.53046697973,0.999257376514404,0
4.6433493309635,0.0316072130405445,0.662655342038853,3.51318562330718,4.19233968966029,4.56193620342612,5.03423506428442,6.16957621053226,439.544651107397,1.00049882175098,0
2.68171428188455,0.00676144968568321,0.281375077435833,2.14730177625316,2.48939511481752,2.67714928379478,2.86180782195743,3.24197589622875,1731.77558981582,0.999312450934512,0
5.40657086741898,0.00913817981063683,0.396147741182384,4.66120925316548,5.13075985628516,5.39558006492911,5.651658032842,6.20450797873296,1879.29504710846,0.999910743558963,0
3.07189420533214,0.00982692732379982,0.391464257232968,2.30059039880415,2.80142967974947,3.06608998774323,3.31296548718714,3.868562853724,1586.89700777778,0.99910420001754,0
7.87610023628569,0.0158265261584276,0.618453690914835,6.73179993137832,7.46735411032097,7.86630847525213,8.27351258040397,9.07776765471241,1527.01453744839,0.999376348250628,0
6.6235603923447,0.0138730722101174,0.593684558470404,5.54265329736856,6.19688025078101,6.6220742598369,7.03721608431964,7.72536080474065,1831.32832574162,0.999006014920692,0
4.12211276686079,0.00953946124654975,0.413350835902532,3.29863376598306,3.8571400462343,4.11627953529378,4.38245060019413,4.95154381359086,1877.54322574169,0.999249102606962,0
2.28178160942381,0.00727280279047311,0.256859259240657,1.74151972417143,2.12106982728278,2.27288562093793,2.45591215599879,2.75754052880209,1247.34568419743,0.999015283982165,0
2.12086722727093,0.0165754173137429,0.470553096071051,1.32804711949324,1.7783982418998,2.06545915708933,2.39950408699989,3.15702191977529,805.913309143508,0.999131613200596,0
7.75133509501375,0.0133448101115332,0.572958728278538,6.71812088529164,7.34966755398547,7.74577394087933,8.13383601832198,8.87699437654136,1843.40976021304,0.999279671453687,0
3.95668544369638,0.00579502324545586,0.280000744431478,3.38589425373381,3.77981789745643,3.94869087924764,4.13542277519933,4.51538679810825,2334.57594982821,0.999586520657581,0
2.76236332468249,0.0116323398086659,0.405985593336005,1.98097382973627,2.49407999081816,2.76968575355359,3.02473098496841,3.56206195368946,1218.11161487872,1.000669479992,0
5.9299444241848,0.00961740504672313,0.368192111944215,5.24095961361352,5.67291489826179,5.91741402907173,6.17574972791411,6.68904294198097,1465.65969713105,1.0002692572442,0
8.7470499058404,0.0235677287690029,0.86672086433449,7.19096281296066,8.13434750186174,8.71975634017654,9.2969582276217,10.5318379814685,1352.4556727713,0.999015168283853,0
4.28462759543236,0.011960357746286,0.478654600302195,3.36143354905354,3.95806034860419,4.27672411024846,4.59541880292006,5.27316007219176,1601.60764954036,0.999002855267541,0
3.52182705815545,0.0103832811756936,0.439957970327798,2.64736013490285,3.21373608012632,3.51489029790508,3.81468697435049,4.39518700538528,1795.36663589328,0.9991006755697,0
5.33805016873101,0.015770083675114,0.429782779494474,4.53153082374047,5.05230965154831,5.33173531592564,5.61438765569444,6.22424371728946,742.728390720337,0.999749896600114,0
2.66809156858131,0.0116350717335137,0.398066157577557,1.95346344428105,2.39656813433091,2.64243476880389,2.93038909868277,3.49133795069969,1170.50260089545,0.999989960638218,0
5.01001003234586,0.00609368262232323,0.33384602188162,4.31488472541764,4.78719560584888,5.01353828299531,5.25107198925317,5.64266880939907,3001.46130580013,0.999227153753608,0
3.42190455376136,0.00887521102876566,0.337408238997435,2.74300855217313,3.20977839845164,3.43911324020088,3.62932885882119,4.10083991247517,1445.28664606199,0.999532036611917,0
6.21246012374871,0.0456244442682361,0.913801896723804,4.83837883662798,5.47646734139058,6.04828581668799,6.87685135550373,8.15466531568746,401.151975480298,0.999001472740205,0
4.11012729759311,0.0103659937691812,0.399500367976266,3.34326751678999,3.83730206117271,4.10584148151924,4.34832942975431,4.92476277485793,1485.29418385916,0.999152664981322,0
5.12328552656216,0.00776685860101951,0.330459491190916,4.48153461974987,4.8980831273864,5.11515113647716,5.34973689049882,5.78911304788543,1810.27962032009,0.999251688585051,0
4.22924322312435,0.0101143283926345,0.454748964752277,3.32402310887031,3.94515793511054,4.21647133816612,4.53419885848375,5.11957361700565,2021.47948223675,0.99939583003165,0
6.65981947384917,0.0156592995099332,0.574548722771732,5.60067718611889,6.23954156445357,6.63285269178507,7.02441004758737,7.88235892390873,1346.19838593635,0.999716831018806,0
3.45443980890417,0.00806026581120344,0.343785550615869,2.80035053149902,3.21834301562176,3.43483252375871,3.68303778465553,4.18272435382988,1819.18350748541,0.998999538028533,0
6.65630137433996,0.00995529064899034,0.421305463468758,5.81765805131467,6.36956047815244,6.64549326141926,6.94980570692855,7.51120225988032,1790.96168238686,1.00077479116675,0
9.18697119050047,0.0638510862257,1.15473030360085,7.0597711800783,8.32169414084781,9.20172140540782,9.97908240151768,11.5121836466289,327.057826810672,1.00020027332148,0
8.37254395784975,0.0151849622812457,0.790096808367279,6.89332930593671,7.81062052839752,8.34488186327687,8.91322075600508,9.98813113995917,2707.28003109431,0.999727165474222,0
2.08453335108019,0.00736900906016348,0.285445933181736,1.51808406217916,1.88654099209574,2.07975818389504,2.2730197177841,2.6394165569162,1500.47767736262,0.999839465753685,0
6.46649527232211,0.108865975021792,2.74515763450679,2.48398572991981,4.41695414547439,6.01644777960561,7.96445041354319,12.8044225246288,635.843509785572,1.00024453896191,0
9.31623985182907,0.0366125452778889,1.06220891485834,7.38490034237992,8.54451989909092,9.28037547144082,10.0125282667926,11.5270455305784,841.705258684386,1.00498688958911,0
3.20018260870623,0.0096611275628955,0.416616595958247,2.38072555239748,2.92744098251883,3.1960774639114,3.47207544822396,4.01302012268772,1859.59127272738,0.99902876889269,0
13.0285485876782,0.0229520497329947,1.04863478058974,11.1029318407607,12.299762307122,13.0334523657572,13.6931105348682,15.1633200739431,2087.39944470349,0.999021339415058,0
8.54226456789569,0.0151010759203283,0.648770276918073,7.34328907955009,8.07123745078845,8.53142271652736,8.97831045032575,9.86124156034536,1845.72122905232,0.999020957552968,0
9.42727780675583,0.0210788960602822,0.821722142063349,7.71959898227,8.8684730681782,9.42417013209751,9.96301705616892,10.9740484555137,1519.68737137753,0.999441162921468,0
2.21423593319564,0.00745956982117822,0.245760476711516,1.72463052486409,2.05446308764091,2.2199916121112,2.3875988170129,2.67980915464434,1085.41673928797,0.999000504317374,0
4.42120834449863,0.00953501531528943,0.391656159149125,3.68663016719023,4.13963578642034,4.41347088670307,4.68866345475218,5.20736913236019,1687.20219334273,0.999046704183916,0
13.6643427744577,0.0316793633034655,1.28356759462064,11.4186843177622,12.7566153573355,13.6074118898407,14.4588406587682,16.3580785680392,1641.66522774242,0.999020712017937,0
2.38630594552315,0.0227192646075931,0.63255449501796,1.41155895260148,1.91020147519356,2.30685871481793,2.77304946608221,3.85537467636059,775.18855662485,1.00220939937194,0
4.89410406126841,0.0123883682849566,0.410137452358797,4.11877585063288,4.6161766258553,4.86966861358328,5.17729575224725,5.72099245041483,1096.05069901429,1.00007143782506,0
2.20524577192163,0.0095639289698935,0.298799936414458,1.66778997641069,1.99436627068079,2.19731497723061,2.38797572282484,2.82697458832379,976.086525260258,0.999579423190068,0
0.850843080524511,0.00014335544339231,0.00459195415382036,0.842618428865035,0.84755674621421,0.850629919308792,0.853862168924783,0.860807460226065,1026.04571303536,0.999148774781849,0
0.919962909580598,0.000526140166878559,0.0127453271467531,0.895174747402278,0.911133864593201,0.919133408856831,0.928510691946089,0.946984582658967,586.812097343403,0.999518004442863,0
0.844723543718261,0.000126033477433489,0.0036935840019875,0.83796526556231,0.842076747618881,0.844680826735088,0.847257225241739,0.852102217741946,858.863452762627,0.999135584482888,0
0.884306659936871,0.000363342113865858,0.0104534985716616,0.865821184538794,0.876735619627663,0.884036323904063,0.890805120492517,0.905343503373026,827.736014171575,0.999604108304707,0
0.905953591107682,0.000380188963350895,0.0100562480486613,0.886102602314155,0.899112261885696,0.906176084945846,0.912882681717817,0.92569336718918,699.637281317767,0.999010859735001,0
0.818463055425647,0.000111545215617716,0.00355299019255605,0.811167725167497,0.816163265071813,0.818511074853635,0.820794708162295,0.825077348248184,1014.57959292546,0.999700498755518,0
0.838451050816528,0.00011622134343444,0.00440538680409124,0.829110202030854,0.835517953858151,0.838497365083229,0.841354407277692,0.847271652615112,1436.79997123264,0.999648421188864,0
0.841846681340456,0.000108103398980631,0.00341372194870243,0.835408273110372,0.839470066303942,0.841732424476243,0.844034250063506,0.84894428765075,997.189255624849,0.999145104824159,0
0.864554083810369,0.000247442968558236,0.00657484346646787,0.852026174439906,0.859880268499585,0.864542748039067,0.869298890334076,0.877240955067439,706.025847481495,0.99913352815848,0
0.844069850464782,0.000173450774729715,0.00680133315813434,0.8320114311495,0.839226261840868,0.843724293368345,0.84832743888748,0.858770814695317,1537.57252491183,1.00070885295338,0
0.827718893257341,0.00012774316639256,0.0044085530387797,0.818841243186554,0.824727217268785,0.827898206901549,0.83071751919775,0.836003004002971,1191.01378039065,1.00055235533568,0
0.867160589067213,0.000222930195358854,0.00672053636380654,0.854363384264275,0.862424426118537,0.86708211068473,0.871511915826399,0.881107985570442,908.80368106624,0.999076283970938,0
0.810838177842094,0.000155808584156828,0.00473497493661163,0.800959897527944,0.807744102011474,0.810885294389593,0.814005873014937,0.819946618292046,923.533400580178,0.999049849732195,0
0.840228351906617,9.41681282614088e-05,0.00311565287359868,0.834493061247028,0.838162174432633,0.840086579511586,0.842194311567421,0.846628560451455,1094.68774005844,0.999161711216735,0
0.870229727433613,0.000254034901963891,0.0067147666689652,0.856895378976067,0.86580024741138,0.870276320903594,0.874646744754381,0.883044123961084,698.674792693056,0.999352804835882,0
0.871758550154807,0.000265209360342469,0.0073564065861548,0.858253146610881,0.866548893855617,0.871430681755774,0.876539559286697,0.887253226667274,769.402783176252,1.00037343252417,0
0.921242511280968,0.00046679832274136,0.0119731367155868,0.895896024859421,0.913579021416142,0.920980369061838,0.929332367780305,0.944182550207009,657.896095975525,0.999335646722009,0
0.832686206521475,0.000101125093475029,0.00320119726851186,0.826632626740199,0.830485512847264,0.832734345996827,0.834844585429896,0.83896682026419,1002.09063433851,0.999621749539246,0
0.852621776200789,0.000155250524859238,0.00452821120175692,0.844454092371203,0.84945881875117,0.852399046641897,0.855699387042487,0.8617806576055,850.721081897173,1.00046124010596,0
0.877563474097457,0.000286867102185508,0.00831894607622985,0.862191996563171,0.872162221659491,0.87712018666755,0.882756124651311,0.895583136923732,840.959586458941,0.999183335067373,0
0.843518017481002,0.000148643563005804,0.00423602030849904,0.835623915319627,0.84069185232588,0.84343615929687,0.846280451528187,0.85246957570828,812.126820604408,1.00028406492051,0
0.799456931237616,0.000191240558767268,0.00614845088226525,0.787222832664098,0.795507274970711,0.799546911288504,0.80369583796625,0.811524249541348,1033.64499964264,0.99906469203077,0
0.818090068616069,0.000152534844671405,0.00534826384962415,0.808081931298084,0.814526579144027,0.817685220974716,0.821701393451543,0.82806394514686,1229.3838981676,0.999000367678903,0
0.88711149361714,0.000272181006264804,0.00769002190837013,0.872127238543297,0.881560977316114,0.887339181599429,0.892334964965855,0.901504993199155,798.251095932984,0.999003347616562,0
0.811209253205915,0.000234627323166803,0.00570872875928817,0.800269931683007,0.807221803841229,0.811096397805017,0.815018958040371,0.822221787281677,591.999916938817,1.00076824496935,0
0.899500219190612,0.000365766810353172,0.00970586376452587,0.880270292535021,0.892950754046212,0.899461820742007,0.905812181973244,0.919397620051024,704.141258267886,0.999029390857951,0
0.847562140716821,0.000135770632938948,0.00452133043232271,0.838446846684317,0.84460545380693,0.847321995186656,0.850577147185463,0.85653274121734,1108.97258547427,1.00021630667449,0
0.862501000856309,0.000197589696616482,0.00526378858692227,0.852466809014213,0.858785970886626,0.862348733205466,0.865986182538806,0.873367383506892,709.689348972123,0.999103843978981,0
0.845171948164148,0.000363188396392427,0.00698193058799674,0.830990179725715,0.840136987800893,0.845486325541303,0.850507671530946,0.857698935099448,369.561843142048,0.999006827526549,0
0.871271907716172,0.000218428457031281,0.00575936776021594,0.860369316739351,0.867312940408861,0.871138810080386,0.875140536617789,0.882087169527299,695.234293245157,0.999100193381202,0
0.851672077311259,0.00012839867255157,0.00456845144657711,0.842999417156206,0.848563977672292,0.85152301999794,0.854693810128202,0.861211548771148,1265.95118484557,0.999279771028062,0
0.864381026107717,0.00020191941771798,0.00567077754668928,0.853868808846338,0.860607936829719,0.864086971208103,0.867802266688506,0.87616295962178,788.731256722151,0.999638195023854,0
0.821391187654951,0.000145531888021374,0.00472821559538086,0.811210712575775,0.818509656148072,0.821403660867817,0.824643379562404,0.830393551509903,1055.54855378718,0.999067928024232,0
0.848164242414684,0.000162443046331057,0.00548235971435966,0.838053892356978,0.84427662324,0.847931849247584,0.8516772406358,0.859687719448862,1139.02381474724,0.999017090464248,0
0.833197295703516,0.000101208221243392,0.00417492240870036,0.824870225182243,0.830564480219188,0.833227631408558,0.83592996588228,0.841396094933498,1701.63038843148,0.999272294803366,0
0.83714778014861,0.000245321501196149,0.00468658693496229,0.828709681293408,0.833781784175135,0.836901108019843,0.84049611016354,0.846309511565279,364.957361167295,0.999036351312192,0
0.842224336185268,9.89605841729326e-05,0.00291126409315899,0.836703359952127,0.840203405905859,0.842174390105637,0.844185513980035,0.848101319846427,865.443473653268,0.999641232707741,0
0.877041309946376,0.000260855294909548,0.00836638310371275,0.862228013905809,0.871043899123609,0.876370523920163,0.882203092189344,0.896038923194565,1028.67025430293,0.999025868988302,0
0.918128508879162,0.000580211405402343,0.0134837753627972,0.894401026005692,0.909003975877767,0.917442723661478,0.926698186958492,0.947106912618432,540.070547719824,0.999100023949003,0
0.840291094274073,0.000114376167428332,0.00376523066366302,0.833483205635014,0.8376620095475,0.840096420616812,0.842663394600037,0.848060129504645,1083.70753732174,0.999398548481259,0
0.876167691889397,0.000233801604379992,0.0072967828587858,0.861926193190069,0.871380719673018,0.875942292995024,0.880946730834774,0.890688326479681,974.019991937627,1.00027529957998,0
0.82013240471229,9.67647014102683e-05,0.00306837905481142,0.814270953633604,0.818046494199599,0.820096576994557,0.822139944576555,0.826278679951853,1005.50468249115,0.999570420708281,0
0.831132260756639,9.16442699536855e-05,0.00330736215444208,0.824931465743962,0.828935227589607,0.831160640619704,0.83330003248168,0.837523073022719,1302.42544775725,0.999855227777167,0
0.825063890687646,9.97229538166587e-05,0.00314035446762648,0.818925050217241,0.823054782292231,0.824985532417821,0.827079837342079,0.830780844898944,991.669773229863,0.999443227705827,0
0.873153992566491,0.000255916804787693,0.00734231036551846,0.859541457188919,0.868063232140831,0.872955421382937,0.877840554592245,0.887895257229831,823.128933169121,0.999044327746935,0
0.850613483686098,0.000171152835929531,0.00497477068198737,0.841297319953205,0.84718982157337,0.850352844899277,0.853981023536287,0.861047936313799,844.846741194978,0.999003699484314,0
0.827954471140518,8.97967011820039e-05,0.00286569333344488,0.822289770548915,0.826014422738952,0.828003300184959,0.829871385044386,0.833367126003766,1018.44753591859,0.999055429950365,0
0.928245033475118,0.000514722164127697,0.0133335544970773,0.901929889970303,0.918869415469384,0.928205731476603,0.937327484008639,0.953336458387544,671.036496854099,1.00057252282067,0
0.809849000533829,0.000165194188381357,0.00608234624389192,0.798172010716843,0.80586157616075,0.80994570966376,0.814122928539494,0.820911443375616,1355.66614094108,0.999324794093329,0
0.88149674869026,0.000272235417233665,0.00797629639261176,0.866139328800583,0.876464127096,0.881302489732921,0.886531719052974,0.897735311896868,858.446662780941,0.999080161769154,0
1.05110277075107,0.00156955810131964,0.065428363805474,0.936196606728783,1.00452015624176,1.04593179674935,1.09216800271394,1.19209417113403,1737.71010231101,0.999081416159386,0
3.74344737081092,0.0225272411059085,0.616511391718729,2.90526225796411,3.30251392591648,3.62305918238489,4.04031641779013,5.29649083477551,748.973060487494,0.999354658936688,0
0.935695550772086,0.00109996061212714,0.0436385388422679,0.858862989826293,0.905056363956076,0.932581129191554,0.962347172346903,1.02547112452895,1573.93260853949,0.999366628415233,0
1.96233138079827,0.00995451876596472,0.305905063032078,1.50868704097102,1.75431267158225,1.90784503351024,2.11672348447509,2.70426337487405,944.34957845053,1.00188059506729,0
2.88361192853883,0.00915996550970201,0.279841554878766,2.44648833413442,2.68077666594971,2.84595159451734,3.04423255532056,3.52213330174497,933.333240855265,1.00063235257999,0
0.564708739052946,0.000518208258070376,0.0187170987989389,0.530347968861115,0.552583372378623,0.563961979301589,0.576545368493793,0.603834886846833,1304.57306180687,0.999926202075514,0
0.833705903870475,0.00126737942252276,0.0530238807665184,0.734316765154806,0.795581289593392,0.830597211187184,0.869710595801692,0.942618161185789,1750.36941958621,0.999039648825599,0
0.886508369788647,0.00101188737385072,0.0386378150760409,0.818640018518946,0.859230451064711,0.885351741259648,0.912166471302521,0.962084061936455,1458.01088196788,0.999045277473486,0
1.35888949631524,0.00595200967667121,0.122588734616662,1.12444441508798,1.27630480831005,1.36113702136519,1.43734067883601,1.60838910778974,424.203128569443,0.999842076769899,0
0.928493649712934,0.00274080061311363,0.109209385708579,0.741244193584597,0.853769207375204,0.918711693662002,0.996772670122496,1.16364707228217,1587.68756359903,0.999572747016745,0
0.678027999766484,0.00129311547538958,0.0463179204536293,0.591504353608691,0.645891300461305,0.677552992992478,0.709088666086483,0.772818445769804,1282.99063623641,1.00023045501435,0
1.42559984746459,0.0033900726999563,0.132069768648631,1.21466869765028,1.33450730643195,1.41216918226765,1.50031267851978,1.72961539204804,1517.71005255261,1.00064658784298,0
0.485891536421001,0.000732487299385791,0.0260123691868102,0.438530881467773,0.467711492774728,0.485273662390468,0.501714679591039,0.540309357976464,1261.12931418416,0.999622206504749,0
0.860267713132191,0.000882492847392099,0.0362446553427999,0.796064200596837,0.835000173123741,0.858205005815462,0.882968000664237,0.938317161565202,1686.8076439899,0.999070441514528,0
1.50378075431099,0.00299293086095041,0.105018559328935,1.31634270800269,1.43589263069496,1.49981168110361,1.56214230329033,1.73307694690809,1231.22873761734,0.999001785414294,0
1.55031896119117,0.00421862780378976,0.143600266503305,1.31244923821334,1.44801838235951,1.53759059474648,1.63214105516186,1.87093887894088,1158.69216557352,1.00098322404189,0
3.82010777616864,0.018578098138696,0.545880176525713,2.97306951952899,3.45235976792823,3.73351618736674,4.12658733132159,5.1106856137426,863.360432517455,0.999100127178178,0
0.743638157376379,0.000800939726802348,0.0321847744278613,0.685092531869895,0.720371740535808,0.741969343469059,0.763901579060212,0.809647297969342,1614.73503649014,0.999122539926145,0
1.08604694180916,0.00127323103875435,0.0616017811791406,0.974169421002739,1.04363209421641,1.08191052342509,1.12798242670986,1.215301650282,2340.84202039552,0.999871355651143,0
1.72807467223461,0.0062920619959942,0.192959747591392,1.4161177456567,1.59285937912225,1.70155485427346,1.83789128770816,2.19835160060487,940.475439701669,1.00047377166818,0
0.915329278583898,0.00146032674955886,0.0562226159136496,0.810859727589822,0.874750745273099,0.915230629321694,0.951410624618693,1.02970622792657,1482.25190113936,0.999672568837248,0
0.386344807893213,0.000653694568205444,0.0239964209125776,0.344965403675007,0.368878044556289,0.385204588750348,0.402897423389972,0.434949068362659,1347.54472938473,0.999526100521698,0
0.561890277312983,0.0014262276537196,0.0497589505350826,0.482046691276931,0.526496620817574,0.555606460858567,0.591925312056391,0.673139972004894,1217.20777659231,0.999087099357058,0
2.04772536266896,0.00337819169819562,0.141000589548804,1.82435322328197,1.94256117361751,2.03299837470017,2.1342011346241,2.35757501850608,1742.10078480343,0.99991030755438,0
0.490372112155586,0.00258136344052316,0.0510378228997353,0.40459475081124,0.456146722459254,0.48516084423947,0.519205335308223,0.591623894525352,390.918272873725,1.00108122229336,0
2.56864730512531,0.00769604784026995,0.26039979561685,2.14336536756744,2.38401107226541,2.53927407966051,2.72209499245408,3.19915367683179,1144.84254553349,0.999381822589421,0
0.987465155413207,0.00145868980430448,0.0617350301456573,0.878808845781613,0.946145751921408,0.982579216893261,1.02687978468711,1.12150806484488,1791.17258831476,1.00020969724502,0
1.30663081140748,0.00215219356686121,0.0868964985425324,1.15730738603211,1.24925701917066,1.29992033348638,1.35449932320179,1.5107582452067,1630.20378205981,0.99929911050491,0
0.952196013098197,0.00664384611414539,0.116446468165587,0.722307798483232,0.860516882622809,0.97236671849557,1.04321762106584,1.13412604323357,307.194554121271,0.999114420184068,0
1.53349565356498,0.00240047399359225,0.0827647771351093,1.38632195055303,1.47749656480661,1.52691674623681,1.58051224148808,1.71826334737137,1188.76795466261,0.999392433526005,0
1.06870553881777,0.00170870621106255,0.0681835150586001,0.947603703095988,1.01999904420746,1.06678793440787,1.11094744801162,1.21738359897396,1592.29663416163,0.99908212269918,0
1.35114845342102,0.00225894326985572,0.0844119452890332,1.2111079506727,1.28918630229134,1.34248227785218,1.40219264103293,1.53212384460242,1396.35925813182,0.9992634549606,0
0.599791993124347,0.00129447651405942,0.0430188364420719,0.509610145593084,0.57309737087936,0.600196581379625,0.627890766749116,0.679937069818119,1104.40653665506,0.999524935240188,0
1.00113065149691,0.00236384375329619,0.087932981704428,0.849365553558791,0.93545635113946,0.995837051860615,1.05644868862722,1.18844755814674,1383.77686612706,0.999283980247496,0
0.752883687723532,0.00125395932003388,0.0542159557521143,0.652296143430676,0.715720735080559,0.751135332922327,0.78891629388923,0.867549168173827,1869.33587618705,0.999033016313139,0
0.8140685272032,0.00454990393881782,0.0677173493330412,0.704509067091918,0.760554416119308,0.807050228174688,0.864045759592532,0.950174119511711,221.511075186688,1.00016552423454,0
0.892742676814009,0.00072516200696077,0.0300258225247377,0.83846664666423,0.871315361970435,0.891043572617212,0.911759483082023,0.953283173658716,1714.42993844128,0.999003461987127,0
1.71185532799909,0.0054331860762497,0.196227791468012,1.40091215555459,1.57245850471949,1.69230510231263,1.8291741952281,2.17128608894554,1304.40325464002,0.999063598520545,0
3.62405330065196,0.0255912703783195,0.634380837288532,2.7792725087722,3.16583909842221,3.50063644450643,3.93994441174873,5.1333073262585,614.492265751659,1.00053311458968,0
0.862745666668848,0.00192062047589173,0.0541788167285947,0.769450674814907,0.822650719621718,0.859313306008248,0.901008038654568,0.969292114751266,795.748671643676,1.00107835040305,0
1.68072234594042,0.003937377962597,0.14764494172525,1.44458490752455,1.57672232358177,1.65997581731213,1.76237213069974,2.02799379784768,1406.12177281292,0.999938848972882,0
0.583248626220519,0.00035200871694307,0.0133621874777571,0.558706835025171,0.573955711228994,0.582470919171375,0.59210695711561,0.611037486695124,1440.94792239065,0.999857438822501,0
0.722227874245085,0.00070847157530256,0.0301302874220829,0.669693914588056,0.700695883305139,0.721601945386665,0.742233152441619,0.784531366060742,1808.67979915714,0.999286571995518,0
0.642209111827207,0.000676641113549251,0.0237495475928374,0.603284511688236,0.624921065757863,0.640231752228096,0.655242484063312,0.696248423405764,1231.95236954624,0.999132704046933,0
1.59014285488838,0.00394748513486875,0.142905848282678,1.34706303318968,1.48969961851667,1.57654025901778,1.67867140957352,1.90478185195024,1310.56630507459,0.999114566577601,0
1.04597305125715,0.00185797685955173,0.0703809602305882,0.920525329119178,0.998278958808433,1.04064566822694,1.08833516091082,1.19444504077479,1434.92688975359,0.999534343924284,0
0.679284942008127,0.000467634811281413,0.0178197738756072,0.646911010496111,0.667336351137864,0.67780582298646,0.690980284723091,0.716020286563311,1452.08056022727,0.999655597767354,0
4.34930227267247,0.0258609082098288,0.719709480176881,3.24281839160848,3.8538823962462,4.27228665408448,4.74449652239184,6.08304384258391,774.50977102357,1.00104803693701,0
0.477398863194603,0.00178086064464713,0.0542820214582235,0.382721944962135,0.440110100386002,0.474079465976895,0.510315169138781,0.590009219007726,929.077947288654,0.999382010694102,0
1.85456894824914,0.0056006721234533,0.187513623303909,1.54348305302831,1.72610060977338,1.83553771788149,1.96076774450867,2.26538739582599,1120.94770942039,1.0011370069356,0
-13208.2394105952,0.638643253276793,10.7355967064037,-13230.2939627268,-13215.4214310765,-13207.2984200428,-13200.7359139303,-13188.1030048431,282.576290505068,0.999625337688043,0
