5.74300773287863e-06,4.18019264199976e-07,7.92960364361759e-06,1.13470740578632e-07,1.04844470761521e-06,3.07359834100706e-06,7.12720897267485e-06,2.9957549301543e-05,359.840769568541,1.0070934770269,0
2.02670028594198,0.133981790535679,1.1833412926804,0.36303906865856,1.21254866502886,1.76568276066056,2.64306613633512,4.99092621157687,78.006085399679,1.00026139430923,0
3.58931046959924,0.0112321834809853,0.387027056803055,2.91592178728597,3.32415016254869,3.57544152890959,3.85548531689519,4.37981142068463,1187.28307340661,0.999522187554054,0
0.54909307586081,0.000136018298131757,0.00554404500585194,0.539398944742192,0.545492203455114,0.548667195021402,0.552441704061593,0.561233560557067,1661.34114528572,1.00056176795503,0
7.44204052430091,1.06064300574563,4.27443509920649,0.98246592413192,3.69158553652821,6.9146856474557,11.1506557523585,14.8347678609691,16.2412327390851,1.07057851133909,0
1.50077924733625e-05,1.58556271589265e-06,4.85185852359561e-05,1.08752210221997e-12,2.41943343838856e-08,7.48962508062872e-07,8.47768033615894e-06,0.000115301875175084,936.374132029181,1.00137993928291,0
0.00037925233511377,4.76318895471485e-05,0.00134038974617477,4.49089928498448e-13,4.77448853837649e-08,3.05346665580936e-06,6.8335412399326e-05,0.00365907204505474,791.893126352523,0.999492491667017,0
1.32421816685274e-05,1.4439989651396e-06,3.81909861557107e-05,6.2779185123316e-13,1.50721319561284e-08,4.77593594957244e-07,6.39283727864967e-06,0.000136619113855298,699.500423054248,0.999186272739211,0
3.62597464832849e-05,4.23419533806404e-06,0.000120876390818434,2.03735069224199e-13,2.66880960554195e-08,1.08840912831418e-06,1.59351806222429e-05,0.00033352482542008,814.969187238352,1.00145360838709,0
0.000199275279436334,2.45021020472642e-05,0.000682748263831556,2.14890436803816e-13,3.69959689259153e-08,2.51812103296461e-06,5.41648728291752e-05,0.0021035307605066,776.451834318902,0.999072398758461,0
1.8558558818529e-05,1.87893745881854e-06,5.05258423292965e-05,1.39106957185029e-12,1.93823310876821e-08,7.71225690080553e-07,1.07361171190873e-05,0.000164260224382172,723.106849970283,1.00207991672852,0
1.77482066865748e-05,2.15555525743813e-06,5.51908006354517e-05,1.9000412244997e-12,2.10504973147323e-08,6.19759899806678e-07,8.07565584126142e-06,0.00016169719470251,655.563956592804,1.00043580589284,0
1.88693125188641e-05,3.12109894964005e-06,7.53928474511845e-05,1.03696928235249e-12,1.46563620548078e-08,6.572246020308e-07,8.05078957068523e-06,0.000154369049378628,583.505853710994,1.00332088046149,0
0.000637998725510072,6.41195920793133e-05,0.00094461530479445,3.38442875552988e-11,5.2392778627772e-07,4.59663584998843e-05,0.00118164464097937,0.0031204663791529,217.034339529297,1.00171166155111,0
2.13961588124032e-05,2.92172069934748e-06,7.02682608507624e-05,2.30090412793309e-12,2.05152635239305e-08,7.95337661740548e-07,1.03851912079682e-05,0.000185290880751604,578.416955035652,1.0037217345651,0
9.97285798623933e-06,1.34542452356989e-06,4.32585385772354e-05,5.72020821475094e-14,1.30230420073982e-08,4.34733069769865e-07,5.12889835782302e-06,7.69847162108619e-05,1033.77257799722,0.999724350838172,0
3.89486834946514e-05,4.40361967817547e-06,0.000126756349147752,4.37000364877791e-13,1.83618431472706e-08,1.16118046349034e-06,1.71738228714817e-05,0.00036062731789296,828.552127244787,0.999122261292943,0
7.94102152688687e-06,8.96769703860959e-07,2.50452827414971e-05,4.96998104626171e-14,8.37659012989525e-09,3.18785287601275e-07,4.13457502619033e-06,6.65473563871472e-05,779.991773430461,1.0005173779597,0
9.37090815092997e-06,1.15531383524505e-06,2.99569232687329e-05,3.83953292794579e-13,1.10159336146921e-08,3.19431011920578e-07,4.79135051350844e-06,8.106281642668e-05,672.348539272501,1.00037483050316,0
4.07051736977536e-05,3.5907166976365e-06,0.000114226353031209,9.54057076640024e-13,3.78580446607104e-08,1.10079603597929e-06,1.84555219977997e-05,0.000390025631410203,1011.97629513174,1.00342848981298,0
2.17135162407161e-05,2.09164623283396e-06,6.76777563407727e-05,8.79108304904225e-14,1.9798422661832e-08,6.87088862723289e-07,1.02631111457107e-05,0.000181161087620945,1046.92468400188,0.999827533527867,0
0.00249504792357374,0.000276053468135181,0.00455148795214338,1.92817132664196e-12,1.80575863561383e-07,3.05041568854176e-05,0.00285996188677305,0.0151483504938626,271.844392909962,1.00216319686853,0
6.16061874200133e-06,5.71815399516491e-07,1.80090194052401e-05,4.53485048772951e-13,1.22044188257269e-08,3.12726742515326e-07,3.4752231855956e-06,5.58991838891997e-05,991.901250587675,0.999057634261921,0
1.56840398409977e-05,1.38724353634459e-06,4.15083422182116e-05,2.98378480301481e-13,1.66266138747199e-08,6.5531242718751e-07,8.42277320708667e-06,0.000138752588613865,895.293347298449,0.99910777011498,0
7.11769000036164e-05,1.13134050003545e-05,0.000286425998231315,6.39740086804171e-13,3.40817437808392e-08,1.52399681760826e-06,2.36618784476826e-05,0.000690401471229756,640.970735936157,1.00550955169436,0
0.00217320151603397,2.87245208316595e-05,0.000586952967739839,0.00123118973494799,0.00173631941000927,0.0020851537660521,0.00248877302905889,0.00350184171334741,417.54282016612,1.00034387999166,0
3.6132403288492e-06,4.36044024417998e-07,1.23605535315949e-05,8.11508358315964e-14,6.06871426145977e-09,1.8178370053283e-07,2.17788752363773e-06,2.92491625874609e-05,803.554173542909,0.999042442085172,0
1.42328618560588e-05,1.70538655297739e-06,4.74051966912611e-05,1.2012670393004e-13,1.32234079251816e-08,5.58062647892124e-07,6.27108818731843e-06,0.000142601212606165,772.691682285858,0.999116868388117,0
0.000113650658858447,1.45432479228517e-05,0.000394689799262837,5.11091315273465e-12,4.00733130292992e-08,1.96901848846236e-06,3.640453229071e-05,0.00106669105262532,736.527537484985,1.00093165336892,0
1.21933979246904e-05,1.28039437830715e-06,3.85962967820903e-05,2.44267268034432e-13,1.34842627847996e-08,4.50452771858491e-07,7.10371543194701e-06,9.48014769774374e-05,908.664909775835,0.999670623359497,0
7.73324076092708e-05,8.38829785682386e-06,0.000259902550792657,3.30353743329881e-13,2.09739714098477e-08,1.24060723132167e-06,2.52580623333383e-05,0.000845859939650179,960.004783885538,1.00135105726901,0
3.62874556693862e-05,3.80697960176063e-06,0.000113358702361075,3.86280357386257e-12,3.63904688551716e-08,9.27392542644808e-07,1.74868990679274e-05,0.000319803701245964,886.642678052238,1.00176445278637,0
2.06780561684558e-05,1.96358238879583e-06,6.31584239306752e-05,8.25111101504447e-14,1.88700241100704e-08,7.69640900613807e-07,8.82444064654956e-06,0.000200058506616253,1034.58055459751,1.00038346748179,0
3.14487758038328e-05,4.69787215276704e-06,0.000132768911887098,6.07197838279939e-13,1.68628364728818e-08,6.53125739159275e-07,8.89750430830106e-06,0.000297116274276255,798.712358688155,1.00212691030095,0
2.49598775916928e-05,3.03687715997556e-06,7.58671434222123e-05,5.77198856440783e-13,2.10680748099958e-08,7.62744422065586e-07,1.23185245978402e-05,0.000220699019624613,624.098320288532,0.999216164478424,0
0.234131045577202,0.000631324829263913,0.018218814767678,0.199923043065567,0.221616586620396,0.234267113989686,0.246479348672504,0.270325815418207,832.788080893676,0.999052028104955,0
0.000175810657249509,1.94529339403651e-05,0.000421546190445502,6.23968700219974e-13,5.68175657051895e-08,4.20504033924731e-06,0.000116360286324103,0.00146423655599824,469.591377380241,0.999338525370189,0
1.64954328318568e-05,1.48710631042605e-06,4.901539846732e-05,1.65865955869199e-12,2.16020467431086e-08,6.47499652273621e-07,9.22156927307731e-06,0.000142344574597794,1086.37819970829,1.00020452353894,0
1.52360699355952e-05,1.78022968432973e-06,5.56014425166407e-05,4.98940101805897e-13,2.12513497481519e-08,6.37467091476558e-07,7.66949549242046e-06,0.000125861668576946,975.483754767864,0.999576665000049,0
3.60042098806505e-05,3.70940754171629e-06,0.000104105388451834,2.0528283005918e-12,1.87859113853063e-08,8.36968879950898e-07,1.43409305991218e-05,0.000330083495690838,787.657326066526,1.00136117969033,0
4.85653703877359e-05,7.17358479855645e-06,0.000200087469282807,2.83388579482841e-13,9.83494256823172e-09,7.86284800289558e-07,1.49955152875476e-05,0.00040622793510596,777.977988657566,1.00002279607361,0
0.000200633316109188,2.2055349322631e-05,0.000366525686945212,6.2432013809471e-12,2.34404345271652e-07,1.13990386062627e-05,0.00024429852770232,0.00131583713201255,276.172830664031,1.00307621312887,0
3.68758797456463e-05,3.68971853213161e-06,0.000107189141837419,3.70894097571188e-12,2.05130321505868e-08,9.6123824955181e-07,1.55021067430244e-05,0.000398196822480494,843.946881646246,1.00201913875512,0
0.00193270201708228,0.000296091680571571,0.00488676245594624,7.38162461982599e-12,1.4834193536966e-07,7.87825709695172e-06,0.000400658588499718,0.0197420821321781,272.38930229211,1.00038790580985,0
3.62753073364781e-05,5.0633076555459e-06,0.000126625695513817,1.05235206193882e-12,2.10541309068364e-08,7.28426602515303e-07,1.46090275924111e-05,0.00033421279497534,625.424736486731,0.999013614975836,0
0.000108731284405579,1.2845374181286e-05,0.000344254719500271,4.6930569438731e-13,4.81538254315293e-08,2.15853341067005e-06,4.78061841225917e-05,0.00104861394834967,718.234539778685,0.999950428105648,0
4.5378355727383e-05,4.17431011823975e-06,0.000111528235145829,1.04426697466255e-12,4.73194390969252e-08,2.05141375378623e-06,2.93136856106019e-05,0.000354213897905859,713.838945724106,1.0025762254145,0
1.10882457314009e-05,1.18684994783263e-06,3.39791845812244e-05,5.20952374433615e-13,1.82919516837165e-08,5.67739584548384e-07,6.36517666737931e-06,9.0688709899373e-05,819.661006839355,1.0016566000744,0
7.70875301455631e-06,8.09151012499059e-07,2.44111953576206e-05,1.82142310197565e-13,1.04854433427978e-08,4.0086167528066e-07,3.96342959807462e-06,6.4201928885113e-05,910.16248072633,0.999554194488681,0
1.17657700495076e-05,1.14620828080145e-06,3.26932303783376e-05,1.01052497043081e-12,1.54596755747374e-08,5.26893074310744e-07,5.73228744787902e-06,0.000106590954167074,813.558124037822,0.99914127798098,0
1.83224627276603e-05,1.65582261947276e-06,5.56875440827635e-05,1.04002063023836e-12,2.49397032101767e-08,8.25192620314304e-07,1.11937188697404e-05,0.000148982464404576,1131.06746028357,0.999599069788062,0
1.01237814982252e-05,1.3603741302191e-06,3.46076720258632e-05,1.09302366163688e-12,1.21987764172761e-08,4.33717839317457e-07,4.39575209671414e-06,9.43378669732192e-05,647.184404995395,1.00033051823802,0
0.00847277281076455,0.000558520024931352,0.00766596367453756,4.81411820964711e-11,7.77553138393015e-05,0.00843984016644894,0.014088773975421,0.0235681010303708,188.38920635701,0.99981270399776,0
2.06990618498254e-05,1.88749557433106e-06,6.03300212051347e-05,2.1465797038574e-12,1.53873053574395e-08,8.45413349981795e-07,1.14873738412717e-05,0.000184532887825667,1021.63337451343,0.999004266687806,0
1.38215988941548e-05,1.5660508093548e-06,4.06415205297095e-05,1.50609808388093e-12,2.4617462400435e-08,6.79295538895227e-07,8.38939090969456e-06,0.000130549361859353,673.485421445118,1.00808625216078,0
2.26793419170265,0.135813398775309,1.9102744371073,0.0791405616280323,0.805416086298267,1.69913518655279,3.2600837377012,7.13305046813331,197.836441959274,1.00149326815615,0
2.29321373545196,0.133472063419482,1.82836388490974,0.113782519389818,0.849054413335722,1.84585297565356,3.24314321109621,6.66110033963312,187.648250364758,0.999465124799698,0
2.239917164917,0.131729419678995,1.87605054991187,0.0727553395038847,0.813136064838684,1.71653871997042,3.19814889815039,7.02309814069883,202.825948328689,0.99934556896277,0
2.31657509369267,0.135637447255056,1.81506297721902,0.1055617341138,0.950081930628138,1.84301262851007,3.36007297292433,6.85099357063136,179.070555757383,0.999065915471584,0
2.31081863574898,0.145083065347834,1.84881892564536,0.137246483373184,0.88145721690234,1.90193506418074,3.20604351545418,7.05395253100308,162.388515120327,0.999894482569285,0
2.2221870056886,0.124532309371658,1.78434225384755,0.0830605784571928,0.841346401769978,1.81589403263949,3.10879928205572,6.71540792182981,205.301553630879,0.9990688057357,0
2.21303454533142,0.119462868015775,1.74722593970318,0.0954419590143565,0.866349710356828,1.77350079686792,3.25290005112309,6.65000435967704,213.910579179726,0.999632129437759,0
2.21332865879385,0.144320582645482,1.86947888171182,0.114324558970284,0.772547426790902,1.63896005510736,3.23122477980364,7.24003603184748,167.797149984953,0.99982464007263,0
2.84861614709892,0.181866908111185,2.15056435567216,0.106214472029968,1.14606950303555,2.39541153790337,4.18417372347125,8.03881655936608,139.829086272611,1.00031975362889,0
2.19460423463907,0.116373267080483,1.85433981634944,0.093706204729254,0.789440661912918,1.74464578393647,3.00501312638706,7.18784345724197,253.905549566243,0.999242520853594,0
2.19658675386385,0.142566456526471,1.83006968899235,0.0936301637299126,0.831063133064487,1.71102579596027,3.00666404509272,7.17295173170945,164.778500013841,0.999093221183666,0
2.24635260402366,0.134324138694484,1.83923544091808,0.0678976481056196,0.822413738172899,1.78400360605912,3.14957887766021,6.94970592506338,187.484999029532,0.999452194460017,0
2.20905422449939,0.123892087439637,1.79270573563951,0.076858534277162,0.875034343729825,1.72610586970944,3.1233185560826,6.67638167842408,209.377917152073,0.999048022524078,0
2.27985822577779,0.126608750564735,1.91000434626699,0.0761947148263087,0.773397681277774,1.79838792741311,3.36882627710281,6.92140790961804,227.583758287181,0.999004299937724,0
2.27705265593875,0.119867261833375,1.83608664899485,0.0933784604275812,0.843434997108344,1.85104199122444,3.17253500543929,7.04565064253138,234.630883482679,0.999571354704147,0
2.20795784563485,0.128652432766529,1.8425129480938,0.0907942509174159,0.802860111888761,1.69374087461992,3.05718848697987,7.21737668675052,205.109176563312,0.99924187149957,0
2.2731038041218,0.114583489724711,1.78714024399398,0.0883684501841055,0.852632078116215,1.87765500609508,3.26418395588585,6.64256364298253,243.261387526822,1.00013832108977,0
2.2129747938761,0.126682910457964,1.82005610850866,0.109516955557115,0.878646342684718,1.73896316525272,3.06764277958303,7.22012709477777,206.411309112366,0.999272691611352,0
2.23125078356293,0.135412441913995,1.85905694029594,0.106012444233065,0.800214273572044,1.70790644590316,3.22045949262807,7.00803874907132,188.481289296194,0.999843099088246,0
2.24225017363582,0.135648998982461,1.90613645510857,0.0966489274884553,0.7839233204489,1.71060856703574,3.1459801854954,7.21995522159898,197.458024735884,0.999214550236788,0
6.43839925008341,0.0906240115860937,1.45376876948728,3.70800518447919,5.40233964677801,6.40941518583436,7.56509261243149,9.15162871490387,257.338108287852,1.00078171864082,0
2.21919537903218,0.138342619889921,1.9374960849072,0.109108170102929,0.749713260027548,1.61478989456183,3.24478948593673,7.26336779228531,196.141582662632,0.999175346295668,0
2.21649412261712,0.141506210447463,1.86863832863071,0.0911288968598705,0.759729483342733,1.6809067218706,3.23271050597335,6.84272120812821,174.381136574504,0.999160352518047,0
2.30832189135214,0.126318192123688,1.85793060745084,0.0876230370490403,0.855284503138706,1.81222586969788,3.28832151093006,7.1099463175394,216.335193249507,0.999085614723816,0
2.17578443103289,0.137804259910808,1.81734492512585,0.114747305355605,0.807819380997131,1.63367380829261,3.07303912461071,6.84590925793427,173.919964896301,1.00027951850655,0
2.23953606539325,0.135184375732444,1.76995992575314,0.113694284983545,0.897125465112477,1.79807565185021,3.13235063159242,6.70963279138979,171.4248851752,0.999872680694778,0
2.32804647583484,0.132395322633227,1.87934713952608,0.080311048212828,0.858000958015167,1.92398880472928,3.23233099566972,7.27350585933151,201.497067501143,1.0001404000036,0
2.25983314263733,0.138645224413406,1.81631651304178,0.112528117839685,0.835041355663886,1.8304239859723,3.29663183064143,6.96778053158128,171.622108229065,0.999686581367512,0
2.20941425206423,0.116393079506379,1.77182271469243,0.0911194660119078,0.778819295072678,1.81087663382463,3.24801847820253,6.57029411140904,231.732108050776,0.999230931878145,0
2.23779511925219,0.134285766483528,1.87658666077268,0.119116313843413,0.832533393720428,1.73822972388432,3.01062338285506,7.12512160248702,195.288776737988,0.999822887222094,0
0.407048368281211,0.00214199756662973,0.0576110576459034,0.303114815930727,0.364344150346498,0.403998594446684,0.443007353599512,0.526816560643964,723.39208104117,0.999022221639173,0
2.21487810773676,0.137813694646581,1.76997720391368,0.0950464750530596,0.852607226827201,1.79574326064812,3.20216949485658,6.68367066395851,164.949344576408,0.999248338237479,0
2.27605924236574,0.137598972076515,1.87881116312111,0.0544716906534915,0.817937329343198,1.74607276060765,3.22574449383194,7.14830606801875,186.438622179428,0.99924661997493,0
2.23942333674251,0.125596219649013,1.84633876713944,0.102727553257887,0.813060916429758,1.71176453506822,3.27544214180458,6.934115058353,216.107401717939,0.999107461943327,0
2.28884723044008,0.127704071344313,1.89463662078065,0.0820649295573412,0.783627930634342,1.84382130849865,3.32356708558821,7.04418463030266,220.111314921898,0.999564684578881,0
2.22303670108766,0.128970141773711,1.85433328834344,0.0842075707733107,0.77114750441256,1.71304256950836,3.20005078366152,7.12240392426769,206.727015532552,0.99973553892737,0
2.33858383011647,0.140019545672297,1.88928187693025,0.0912159542239495,0.894585872196054,1.8715850147464,3.31096336453844,7.24932363470132,182.060691904573,1.00332393804553,0
2.30326340876319,0.138970082468861,1.91336626743113,0.0815400206561128,0.802962778587493,1.78365971809536,3.23946200567241,7.26710499926735,189.563009843629,1.00043435924131,0
2.26903977009267,0.142753285903632,1.83812380164006,0.0850213306723033,0.825246763431811,1.79814640804895,3.29150194810013,6.86088893490913,165.797237513142,1.00043588804335,0
2.25049619298395,0.129702199774639,1.90163517969164,0.0935721501770659,0.756242466387066,1.78795127413084,3.18624416186341,7.20707959156503,214.961024118272,1.00097893839542,0
2.36066100808597,0.136278236148203,1.90439053670031,0.0961810530007998,0.887685962769978,1.81913132526006,3.45781058626231,7.05118945119018,195.280564450482,1.00058515617539,0
2.2414661835541,0.155163274991982,1.94831214835491,0.09461840206082,0.703059103815816,1.66074530207743,3.23266671712711,7.42819824489262,157.666418291588,1.00141887056925,0
2.22045442639877,0.130752122083338,1.83334292254761,0.0856311262856041,0.783362421957618,1.74037063724587,3.1823756352941,6.89844603487697,196.602900369396,0.999140474059513,0
2.28686348891857,0.1218296469345,1.8770830968213,0.07163167291392,0.877059220071017,1.80904596712228,3.16133705412674,7.0351074547673,237.389238074175,1.00058517567214,0
2.22240586705784,0.124532615337008,1.92056805523247,0.059068350106698,0.824807030861989,1.6211048876365,3.15275298111166,7.34184155291668,237.844538907545,0.999038371577374,0
2.26671601866468,0.135476972262953,1.81506135743176,0.0817960783436826,0.825929175753596,1.79213570175862,3.27079737235374,6.7948153788154,179.494711445194,1.00071863821412,0
2.19569266261036,0.133312886484489,1.79008067017899,0.0740336390149261,0.778242386649491,1.75407426453869,3.0954477775928,6.83162368550791,180.302165250035,0.999027528663358,0
2.27558999523938,0.146597839375364,1.82906729065278,0.140270051903514,0.87520003146321,1.79443305023742,3.22977726502074,6.92687335842544,155.669749847832,1.00052768501842,0
2.17703357779235,0.13545461009252,1.77512955572125,0.101747568532032,0.856296736356246,1.69928587258212,3.07299550110223,6.82279357203424,171.74042331502,0.999001010026623,0
2.23926557532847,0.123526645626135,1.85557615520257,0.0726499879124102,0.831284653781459,1.70892040807735,3.19656188831173,7.01387754421217,225.65048407502,0.999670919556633,0
4.38314981226351,0.0133425255430116,0.449069930913752,3.53589682329781,4.08696096733888,4.38166846229163,4.66971345378306,5.33117373642261,1132.79641729624,0.999467711980961,0
2.14177211782894,0.0174685489669432,0.597299029754659,1.17575316769494,1.71770643747834,2.09501010229358,2.50881993889833,3.45193076643235,1169.14924986496,0.999071390963908,0
5.68459549258918,0.0151295356034007,0.54444580144644,4.64548627335937,5.30172283469578,5.67738879039481,6.03817242718356,6.74228439363878,1294.96523898022,0.999075516927989,0
1.25107438325843,0.0103317148778834,0.279714544633505,0.716579149667225,1.06005838170034,1.24281066928547,1.44853745557025,1.81125241140479,732.968437579758,1.0009702638479,0
2.17896954505515,0.0143511496873508,0.371388721385633,1.48521844577928,1.94361531335549,2.16246585911915,2.40241225470997,2.93295246501166,669.705757544778,0.999303278437805,0
11.1466352716107,0.0284050545098763,0.952659791458321,9.43919243207032,10.4940784960443,11.1519036353967,11.7846209297145,13.0377899422902,1124.82359277559,0.999129956037516,0
2.50921595130476,0.0123052007397335,0.339713697233682,1.83754109648302,2.27417901257681,2.49217234609092,2.74338752260283,3.15528062044787,762.164488879125,0.999063974957252,0
4.8963475248019,0.0152130351185329,0.479370980002333,4.05293198692711,4.54997925562106,4.87862791822469,5.24257589882161,5.87996793734878,992.914248651125,1.00158089077847,0
3.23879597457582,0.0547869815288815,0.744164159267479,2.09881093165001,2.67658666234222,3.11221724640349,3.65938689517838,4.9066297112035,184.494214370501,0.99998315412548,0
2.31220471259313,0.0158793414497328,0.394544422809754,1.57126903689789,2.0304833063984,2.30469683521082,2.58656035918702,3.07450210215133,617.343447171036,0.999133657392733,0
4.2486857687193,0.0126275104276794,0.428025315635297,3.44790154891701,3.94073852281551,4.25572474870348,4.54379982457642,5.06804784798539,1148.95611464015,0.999653663022902,0
2.73618553587569,0.012223737718041,0.404084349831718,1.94466572413992,2.47543697423035,2.73872900706471,2.99324280856118,3.53802613809536,1092.78824719647,1.00079770837203,0
7.81580034515274,0.0180407750299788,0.600645242977877,6.64658473788516,7.43324436542235,7.79854227590653,8.20709457478855,9.00043513009433,1108.47448784523,0.999191582733792,0
6.72099143539174,0.0168707178618,0.60157863322456,5.60747503369049,6.32729146802588,6.70311654722184,7.13688523337562,7.93670212404939,1271.50385207376,0.999484337491998,0
1.38106904362761,0.0106811639894318,0.322421358376514,0.749564182241232,1.16060271400125,1.37376425036478,1.5719646241706,2.01070219585332,911.19313881734,0.999084711744596,0
1.34695250417361,0.0074378516280863,0.252736322403478,0.881554746951163,1.17248037293442,1.34819072056288,1.51197876306005,1.84334178808154,1154.62325970448,1.00220398094803,0
1.68697795722624,0.0279419430702905,0.573790385266677,0.885772745515012,1.31388630164535,1.58094079418018,1.92975702188391,3.22442095655363,421.69002352574,1.00228487707634,0
6.73836834508935,0.0176456915902296,0.613640827895348,5.56983186768931,6.30684678397634,6.73076910063337,7.18297871006177,7.9661803875422,1209.3475401862,0.99912324322715,0
2.31162914686536,0.0106722535546982,0.311195524864755,1.73294962518464,2.09188827918138,2.30506566414851,2.52287482497693,2.95256610878655,850.265223416999,0.999019921126122,0
2.4339042925965,0.0129055515835824,0.417105966594604,1.6467427121115,2.16331455213888,2.43595066435423,2.71486741517312,3.27032445645529,1044.57508437591,0.999127878945605,0
0.632072461951464,0.00509401388750065,0.156038072966882,0.387936015952754,0.516688105010705,0.607668349953369,0.7330011326768,0.988465396808707,938.298251956462,0.999598908389151,0
11.633581218214,0.0265148627902445,0.839466134806663,10.036321978494,11.0312918474842,11.6103369270667,12.2350643992896,13.2609604617906,1002.36892290754,0.999156469398662,0
4.54696088087992,0.0172330212847339,0.507016507613384,3.6005561370647,4.19650574575516,4.51921050580677,4.89476114523089,5.52840446391955,865.608176490596,0.99974104275284,0
3.36821359053583,0.0143372819122133,0.454225616415976,2.46056828506417,3.07530729639527,3.35294512426271,3.7104908427071,4.22246151156659,1003.71310903987,0.999128117498625,0
2.80664050175808,0.0131994459962517,0.401292699364222,2.0369343115176,2.52472257534652,2.81180109542822,3.07859686185635,3.60011115986578,924.296078716325,0.999688331668681,0
2.5003556440206,0.0138773243825613,0.413781698173385,1.74042646637194,2.21003794717266,2.50590497032377,2.7733120573689,3.31355514122396,889.060008155509,0.999106725198118,0
1.16536086791731,0.00851490839065715,0.292375613797623,0.612256122920866,0.966733782627356,1.16184909959511,1.35419143439571,1.7820356280694,1179.02315227686,1.00017405444546,0
2.80284874639831,0.010837134413557,0.357626314641657,2.15198011606153,2.55797528278442,2.78597067688015,3.03911012989241,3.50306205986457,1089.00535323189,1.00086923388264,0
2.88678222963715,0.0142360502381574,0.424824480332452,2.10523600015449,2.58534600322934,2.88101957497345,3.16023143115376,3.72796703983269,890.512552950861,0.999513779516975,0
4.03453514760333,0.0123211674026092,0.459043615274598,3.19061077582979,3.72128152646078,4.0141246717031,4.34462333990925,4.97432204974846,1388.04704588038,0.999767575544035,0
9.61666302838587,0.0195737449539047,0.687353160452439,8.35561007962311,9.11785506031457,9.62948276028877,10.0679505115251,10.9702657988778,1233.13895526822,1.00062418360116,0
4.26473699477499,0.0167798514672936,0.506732634445968,3.33953976110376,3.90903745201146,4.25686701372091,4.59457052630327,5.31954096047559,911.972042146861,1.00104077215733,0
5.76665065554481,0.0149214727301121,0.534258625613339,4.67745844038072,5.42517604553737,5.7759900719994,6.09787949998392,6.81517527416478,1281.97544287683,0.999249189130692,0
2.69672051077642,0.0131090663888553,0.427077334834535,1.91905216145535,2.39510347716461,2.68458156261266,2.96321883477494,3.5922090241657,1061.37663265004,0.999076298624701,0
0.992189955018868,0.00896572913612701,0.264403048198104,0.528444717771812,0.807842212586126,0.969977564556614,1.15783171303544,1.54588606577723,869.684413700561,0.999002002507887,0
5.77619822946884,0.0193530894077068,0.61347795293242,4.68048807938129,5.33565688846313,5.76700642316646,6.17959560391608,7.01159058939807,1004.84092244507,0.999046443553225,0
8.81211280373777,0.0428237263166412,0.929147388865306,7.10540129735044,8.18169714391311,8.74311076194369,9.38143804178416,10.8882250393962,470.760821276781,1.00382331629831,0
2.02752716809173,0.0106003489964938,0.293855139155637,1.45723536204874,1.82957268719385,2.02855968941022,2.20693389376187,2.62673859279301,768.468823643368,1.00540041075013,0
2.34375091070643,0.0329139095014234,0.854972491589092,1.15468350348294,1.75554956048834,2.20544282897039,2.73969680327798,4.35016293777679,674.753804611941,1.00141274070801,0
3.19957060121522,0.0170836281238235,0.457995932396413,2.29407126563623,2.87938954933285,3.21164448024835,3.52362947781263,4.1254228672119,718.725450159201,1.0012800545956,0
3.09460704037158,0.0150425349598541,0.434578042922859,2.29700960705692,2.82549338124329,3.07550098108468,3.36046918154421,4.03491497627837,834.629057586703,1.00058872144563,0
13.5001892342826,0.0334067167314438,1.14346763240356,11.4064340100507,12.7040933633656,13.4910354441541,14.2123670860422,15.9882061226271,1171.60215657051,0.999385706855514,0
5.80288895731678,0.0164579840298823,0.543752527943625,4.71702120520496,5.44428731008136,5.7942417545059,6.16399047491249,6.91370244162064,1091.56425339158,0.999484239769351,0
9.22719008948803,0.0229962790001434,0.768870433623664,7.77605443816694,8.70489832533683,9.22831357109066,9.72305792269512,10.7170072113373,1117.86969659719,0.999092408614958,0
1.45223238286886,0.00838111675037454,0.28113159669538,0.943445178573709,1.24868483720994,1.44167177747232,1.64932044712197,2.01712975778444,1125.16324630068,0.999877841533045,0
3.76817921323485,0.0138024785626572,0.43583610039497,2.9331309971885,3.47943706444413,3.77036699581286,4.05966509818603,4.59161050906125,997.085125784835,0.998999507466403,0
7.75538163151796,0.0256536277099103,0.690041891194609,6.41066455201602,7.32482795599803,7.74051960988062,8.20084931237267,9.13081898980196,723.524659885991,0.999052258801284,0
1.7679057600146,0.0400313970828708,0.674978212674998,0.850298178146787,1.25079738805091,1.62139604019736,2.14578649356372,3.36696023402848,284.300756360142,0.999492655926122,0
3.15935624981808,0.0134870459402671,0.425608845460577,2.34641992087496,2.87631458343746,3.16524352199902,3.44048456333364,4.02199846483144,995.835529627965,0.999759639161544,0
1.91070128448716,0.00803321511229272,0.259148106906224,1.39787426517551,1.73745889404279,1.90459116825407,2.08653425268185,2.45025618632985,1040.68019122862,0.999022829457388,0
0.535204176338282,6.69098133203917e-05,0.00215873155400181,0.531315812488829,0.533649565073818,0.535027319776421,0.536543892451338,0.539988866257623,1040.92069459793,0.999436183300661,0
0.650184122745535,0.00113934640479011,0.0297840013320462,0.607807935816278,0.629099669865193,0.644401876271952,0.666845596842618,0.717477256660696,683.367802496576,0.999140052293746,0
0.532448506962641,4.73305811546866e-05,0.00157665289734472,0.529791036993216,0.531298482715115,0.532318954738334,0.533434061643661,0.535813013698909,1109.65637459539,0.99900108725592,0
0.583062299967605,0.000821695598458111,0.0190485999252971,0.557977060199588,0.570014418037497,0.57958577899177,0.591739661834828,0.628457126233758,537.408089794843,1.00131176157129,0
0.597894585347296,0.00049710383465648,0.0115116908850722,0.579775179297462,0.590198842398484,0.596379969407523,0.603195146080657,0.625530399369544,536.270629312557,0.999096761283266,0
0.519230804454378,1.87518394672767e-05,0.000612201032154889,0.51813014986057,0.518812979357674,0.519203641423044,0.519634984706656,0.520452041380701,1065.86048592873,0.99933921164163,0
0.542629988539381,0.000186143308504678,0.00475055325439818,0.535417683454712,0.539163959778989,0.542025741717436,0.545283649854899,0.553159544429496,651.318665482519,1.00003301462095,0
0.535307986498495,6.43060180001113e-05,0.00189577332798917,0.531960262191981,0.53395822967711,0.535180094925961,0.536487215276164,0.539309448064414,869.099664174864,1.00036689103006,0
0.553370812136565,0.000576506019417035,0.00826420818461334,0.538490370623483,0.547393957805844,0.553614743958272,0.559137707017808,0.570764502563479,205.491946323152,0.999826447835005,0
0.532879944497839,0.000252856005803672,0.0051876981295468,0.52560519552249,0.529110406273389,0.532051382941223,0.535681198156644,0.545620309858257,420.923183716269,0.999620275507388,0
0.526443905870982,5.76142854381243e-05,0.00189529388473069,0.523290570956353,0.525026794695243,0.526328889311287,0.527597029581499,0.530588979143491,1082.16320398098,0.999007253279571,0
0.550055198825064,0.00018156829404255,0.0056170878418554,0.541192288683762,0.546106210281225,0.54932087254207,0.553058851036641,0.563024772306393,957.067138981864,1.002854736124,0
0.516428785084296,2.04807436021202e-05,0.000693875690383789,0.515167399353744,0.515951859863719,0.516382946511261,0.516842766457993,0.517948104512088,1147.81502005249,0.999064291506511,0
0.52850815199219,3.48588029864414e-05,0.00113301275117266,0.526469873271116,0.527725441114695,0.528428697008282,0.529238864221241,0.530933692575412,1056.43955940077,1.00155974491704,0
0.600774849918293,0.00108966096667776,0.024386398448065,0.569108973717585,0.585456047630767,0.595677030010175,0.610241258247335,0.662851630840797,500.855610128804,0.999666195900788,0
0.568641960264808,0.00039863361982609,0.0121034191879217,0.551228247262722,0.560548542535435,0.566193784004689,0.575341842571796,0.597765352533308,921.867072690133,1.00297670782495,0
0.64497465640852,0.00141838481384196,0.0329285121676616,0.59187385164904,0.622009207897916,0.640755805121065,0.661656325610587,0.727314932821901,538.95942459978,1.00218987088504,0
0.526325268074883,3.51643803686855e-05,0.00118529535484792,0.524274503677574,0.525521432470073,0.526211824487862,0.527060813599913,0.528975718861688,1136.18022603591,0.999000582492294,0
0.547746990822904,0.00017970464532863,0.00507906796981091,0.539341451811601,0.544153615986683,0.547167840730787,0.550571498173454,0.558207323030005,798.820942475598,0.999162288086771,0
0.561960771563745,0.000300630068502414,0.0086021017978318,0.548807367887049,0.556134046245942,0.560667635346345,0.566040738286007,0.582780204395698,818.736823803081,0.999448744505913,0
0.71265305603106,0.00172545005179207,0.0496302613029405,0.631449329963335,0.674308549460362,0.708897902811522,0.743478766710767,0.822698450310391,827.348225488342,1.00012583073369,0
0.511612379409818,1.27326733733997e-05,0.000408670211683427,0.510901011114669,0.511319396074672,0.511590490928609,0.511876487955321,0.512483391680533,1030.16494810314,0.999191551802907,0
0.517872934088013,5.4421568722809e-05,0.00148524890188582,0.515412253370721,0.516841279580739,0.517742282468959,0.518796838328891,0.521111913232076,744.828639227349,0.999399821320644,0
0.568683072082983,0.000175607718335105,0.00542726706410128,0.559765648815229,0.564820940980684,0.567983795067278,0.571855832104863,0.581536789698333,955.157929122959,0.999042581113169,0
0.529730039587351,0.000128507728567788,0.00359125148664702,0.524029738713011,0.527163202250077,0.529139760192787,0.531865929052828,0.537943101200161,780.967827077426,0.999460323929028,0
0.587992941249657,0.000399555804308386,0.0103216829391362,0.572634009937653,0.580833410531777,0.586365488156368,0.593819744235071,0.610844366542294,667.338438193182,0.999047621014666,0
0.599206045040766,0.000947775393508043,0.0260709777936107,0.564995183490201,0.58196950850504,0.593143481271141,0.609605272710627,0.664458751387372,756.665235484414,0.999340701627554,0
0.547363657816541,0.00014569253937719,0.00430464867207489,0.540182253448143,0.544291588008142,0.547030666619403,0.54985221000531,0.557046734120642,872.972972024684,0.999898632431773,0
0.55043779001079,0.000202101045122417,0.00554499571931415,0.541661717898985,0.54660710817277,0.549659425281944,0.55368732589579,0.563339889896782,752.775215143803,1.00017221517565,0
0.551475116583596,9.42313435042752e-05,0.00324981198958552,0.546123813613784,0.549178701788495,0.551175180829021,0.553472617459381,0.558597730890356,1189.39390035875,0.999819960807436,0
0.509164541774118,4.56158156919907e-05,0.00167034331644304,0.50619393200184,0.508044626952075,0.509002086377136,0.510241350078675,0.512661654354272,1340.85123667263,0.999186103430227,0
0.544443293078034,0.000114308646436585,0.00307979497465416,0.539207018230378,0.542413055190041,0.544096965993162,0.546203064304628,0.551095365086768,725.914460263507,1.00312903922899,0
0.521789526779178,3.77067647422183e-05,0.00124961142909349,0.519439393165753,0.520962314762238,0.521685379056191,0.522496971890279,0.524564345636409,1098.27585163076,0.999012857053286,0
0.536943186833465,0.000147176508851171,0.00462364759558251,0.529320525467763,0.533630093876947,0.536332777510205,0.539607973940353,0.547414833504202,986.943878313255,0.999153895214618,0
0.612274957728207,0.0011795923546504,0.030317757833738,0.571723224503953,0.591168817891463,0.607079408948254,0.626493413564551,0.685056163055293,660.587362652202,0.999331588682609,0
0.534512732206999,6.00009971864557e-05,0.00181153499322559,0.531544475801123,0.533186797378678,0.534398417034863,0.535618460407404,0.538381303292082,911.541653759859,0.999238444254032,0
0.529017460900934,7.09717234114131e-05,0.00134532369819227,0.526101262378278,0.528269481477814,0.529172849623362,0.529911804295289,0.531451203965744,359.321233761541,1.00332066416958,0
0.557694614167663,0.000269961348938394,0.00693733193383295,0.546780870833917,0.552844359508794,0.556797159441545,0.561521366573657,0.574273842988825,660.361538517083,1.00426858581145,0
0.656080275636811,0.00143272518212489,0.0364249146971241,0.602123674800746,0.629515251702861,0.649149220592459,0.674881489853422,0.739869609666213,646.355276025174,1.00032879718646,0
0.550305534266359,0.000217206899024635,0.00518643576597472,0.542570047515952,0.546472988923666,0.549701476950253,0.553250795508394,0.562493970523891,570.152163008224,0.999056269422072,0
0.555989484412502,0.000180665222589628,0.0053310356888362,0.547073877249342,0.552580058575075,0.555478955482779,0.558794433938669,0.567911079092514,870.711055827814,1.00009959704863,0
0.519264259876924,1.67162821149257e-05,0.000501089009113943,0.518297655088249,0.518932528333481,0.519275320969718,0.519594586780941,0.520278555260291,898.566803643596,1.00130133529631,0
0.529743609875084,4.73814268339109e-05,0.00151503564207164,0.527038727682923,0.528707133016078,0.529648185052551,0.530587368514789,0.533136971691712,1022.42022124747,0.999622034014453,0
0.521910955278987,2.1186707204241e-05,0.000714695664336493,0.520687614312663,0.521431675712532,0.521839362207646,0.522340688573033,0.523427819766032,1137.92952379928,0.999786740949829,0
0.568879296280264,0.000397171247608708,0.0122787183731361,0.550754028886483,0.559711901345451,0.567006988010762,0.576023645579453,0.596395494371663,955.763573847065,1.00077675166522,0
0.537308058591302,9.75835250174977e-05,0.0029285904295071,0.532381782980785,0.535152702352426,0.536995016036068,0.53914920583035,0.543836870743126,900.667046978971,0.999255506005164,0
0.527851188056156,3.9399904147121e-05,0.00103641770331829,0.526079743484677,0.527156606222824,0.527755558387343,0.528435117962196,0.530205857471895,691.957330929727,0.99939712137164,0
0.66723758379021,0.00217969244415963,0.0402772976329588,0.605508410548255,0.637928319925534,0.661330600727627,0.688266171989432,0.762991212924831,341.452432607426,0.999288680366616,0
0.525307409171733,8.76184779414174e-05,0.00282875445002302,0.520723651556762,0.523336967504024,0.524920478824009,0.526943200983209,0.531521056142704,1042.31524815194,0.999083253777844,0
0.566662793118275,0.000248366197061051,0.00757719957069145,0.554429151646693,0.561215181588619,0.565697445679016,0.571285147568179,0.58442450741351,930.748782776209,0.999001969124804,0
1.05612529014847,0.00200729439961176,0.0647619466200543,0.939474374664882,1.00948695221453,1.05081959329263,1.09631677354015,1.19966598772868,1040.92069459792,0.999436183300661,0
4.50552368236604,0.0341803921437032,0.893520039961385,3.23423807448834,3.87299009595579,4.33205628815855,5.00536790527854,6.52431769982089,683.367802496576,0.999140052293746,0
0.973455208879233,0.0014199174346406,0.0472995869203416,0.893731109796483,0.938954481453456,0.969568642150005,1.00302184930982,1.07439041096725,1109.65637459538,0.99900108725592,0
2.49186899902816,0.0246508679537433,0.571457997758914,1.73931180598764,2.1004325411249,2.38757336975311,2.75218985504483,3.85371378701274,537.408089794842,1.00131176157129,0
2.93683756041889,0.0149131150396944,0.345350726552167,2.39325537892386,2.70596527195452,2.8913990822257,3.0958543824197,3.76591198108632,536.270629312557,0.999096761283266,0
0.576924133631337,0.000562555184018303,0.0183660309646467,0.543904495817106,0.564389380730221,0.576109242691306,0.58904954119967,0.613561241421028,1065.86048592873,0.999339211641629,0
1.27889965618142,0.00558429925514035,0.142516597631946,1.06253050364137,1.17491879336967,1.26077225152308,1.35850949564697,1.59478633288487,651.31866548252,1.00003301462095,0
1.05923959495483,0.00192918054000334,0.0568731998396752,0.958807865759432,1.01874689031331,1.05540284777882,1.09461645828491,1.17928344193243,869.099664174863,1.00036689103007,0
1.60112436409695,0.0172951805825111,0.2479262455384,1.1547111187045,1.42181873417531,1.60844231874817,1.77413121053425,2.12293507690437,205.491946323151,0.999826447835004,0
0.986398334935177,0.00758568017411014,0.155630943886404,0.76815586567469,0.873312188201662,0.961541488236681,1.07043594469932,1.36860929574771,420.923183716271,0.999620275507389,0
0.793317176129454,0.00172842856314372,0.0568588165419208,0.698717128690577,0.750803840857276,0.789866679338612,0.827910887444985,0.917669374304721,1082.16320398098,0.999007253279571,0
1.50165596475191,0.00544704882127649,0.168512635255662,1.23576866051287,1.38318630843674,1.4796261762621,1.59176553109924,1.89074316919178,957.067138981864,1.002854736124,0
0.492863552528875,0.000614422308063605,0.0208162707115136,0.455021980612318,0.478555795911581,0.491488395337816,0.505282993739801,0.538443135362633,1147.81502005249,0.999064291506513,0
0.855244559765687,0.00104576408959325,0.0339903825351797,0.794096198133498,0.83176323344086,0.852860910248461,0.877165926637237,0.928010777262373,1056.43955940076,1.00155974491704,0
3.02324549754879,0.0326898290003329,0.73159195344195,2.07326921152756,2.56368142892301,2.87031090030526,3.30723774742005,4.88554892522392,500.855610128805,0.999666195900788,0
2.05925880794424,0.0119590085947827,0.36310257563765,1.53684741788167,1.81645627606305,1.98581352014066,2.26025527715387,2.93296057599923,921.867072690132,1.00297670782495,0
4.34923969225559,0.0425515444152589,0.987855365029847,2.75621554947119,3.66027623693747,4.22267415363195,4.84968976831762,6.81944798465702,538.95942459978,1.00218987088504,0
0.789758042246479,0.00105493141106057,0.0355588606454376,0.728235110327223,0.765642974102186,0.786354734635851,0.81182440799739,0.869271565850629,1136.1802260359,0.999000582492294,0
1.43240972468711,0.0053911393598589,0.152372039094327,1.18024355434803,1.3246084796005,1.41503522192362,1.51714494520362,1.74621969090016,798.820942475597,0.999162288086771,0
1.85882314691235,0.00901890205507242,0.258063053934954,1.46422103661147,1.68402138737825,1.82002906039035,1.98122214858021,2.48340613187094,818.736823803081,0.999448744505914,0
6.3795916809318,0.051763501553762,1.48890783908822,3.94347989890005,5.22925648381085,6.26693708434567,7.30436300132301,9.68095350931172,827.348225488342,1.00012583073369,0
0.348371382294551,0.000381980201201993,0.0122601063505029,0.327030333440076,0.339581882240157,0.347714727858281,0.356294638659621,0.374501750416005,1030.16494810314,0.999191551802903,0
0.536188022640404,0.00163264706168427,0.0445574670565747,0.462367601121628,0.505238387422178,0.532268474068763,0.563905149866734,0.633357396962263,744.82863922735,0.999399821320642,0
2.06049216248949,0.00526823155005316,0.162818011923038,1.79296946445687,1.94462822942053,2.03951385201834,2.15567496314589,2.44610369094998,955.15792912296,0.999042581113169,0
0.891901187620518,0.00385523185703364,0.107737544599411,0.720892161390331,0.814896067502317,0.874192805783602,0.955977871584838,1.13829303600483,780.967827077425,0.999460323929027,0
2.63978823748972,0.0119866741292516,0.309650488174087,2.17902029812959,2.42500231595331,2.59096464469104,2.81459232705212,3.32533099626883,667.338438193181,0.999047621014666,0
2.97618135122299,0.0284332618052413,0.782129333808322,1.94985550470604,2.4590852551512,2.79430443813424,3.28815818131882,4.93376254162117,756.665235484414,0.999340701627554,0
1.42090973449624,0.0043707761813157,0.129139460162247,1.2054676034443,1.32874764024427,1.4109199985821,1.49556630015931,1.71140202361925,872.972972024677,0.999898632431772,0
1.51313370032371,0.0060630313536725,0.166349871579425,1.24985153696954,1.39821324518309,1.48978275845832,1.6106197768737,1.90019669690346,752.775215143804,1.00017221517565,0
1.54425349750788,0.00282694030512826,0.0974943596875655,1.3837144084135,1.47536105365485,1.53525542487064,1.60417852378143,1.7579319267107,1189.39390035875,0.999819960807436,0
0.274936253223542,0.00136847447075972,0.0501102994932911,0.185817960055196,0.241338808562254,0.27006259131409,0.307240502360261,0.379849630628147,1340.85123667262,0.999186103430226,0
1.33329879234101,0.00342925939309754,0.0923938492396248,1.17621054691133,1.27239165570124,1.32290897979487,1.38609192913883,1.53286095260305,725.914460263506,1.00312903922899,0
0.653685803375331,0.00113120294226655,0.0374883428728046,0.583181794972589,0.628869442867136,0.650561371685723,0.674909156708375,0.736930369092263,1098.27585163076,0.999012857053286,0
1.10829560500396,0.00441529526553513,0.138709427867475,0.879615764032881,1.0089028163084,1.08998332530616,1.1882392182106,1.42244500512607,986.943878313253,0.999153895214618,0
3.36824873184621,0.0353877706395121,0.90953273501214,2.1516967351186,2.73506453674389,3.21238226844763,3.79480240693653,5.55168489165878,660.587362652202,0.999331588682609,0
1.03538196620997,0.00180002991559367,0.0543460497967676,0.946334274033674,0.995603921360332,1.0319525110459,1.06855381222211,1.15143909876247,911.541653759858,0.999238444254032,0
0.870523827028007,0.0021291517023424,0.040359710945768,0.783037871348347,0.848084444334407,0.875185488700873,0.897354128858666,0.943536118972328,359.32123376154,1.00332066416957,0
1.7308384250299,0.00809884046815182,0.208119958014989,1.40342612501751,1.58533078526383,1.70391478324636,1.84564099720971,2.22821528966474,660.361538517083,1.00426858581145,0
4.68240826910434,0.0429817554637466,1.09274744091372,3.06371024402237,3.88545755108585,4.47447661777379,5.24644469560266,7.1960882899864,646.355276025175,1.00032879718646,0
1.50916602799077,0.00651620697073904,0.155593072979241,1.27710142547855,1.39418966770999,1.49104430850758,1.59752386525183,1.87481911571673,570.152163008223,0.999056269422073,0
1.67968453237505,0.00541995667768885,0.159931070665086,1.41221631748024,1.57740175725226,1.66436866448336,1.76383301816005,2.03733237277542,870.711055827813,1.00009959704863,0
0.577927796307713,0.00050148846344777,0.0150326702734183,0.548929652647467,0.567975850004433,0.578259629091549,0.587837603428235,0.608356657808739,898.566803643595,1.00130133529629,0
0.892308296252509,0.00142144280501733,0.0454510692621492,0.811161830487698,0.861213990482342,0.889445551576538,0.917621055443676,0.994109150751357,1022.42022124747,0.999622034014456,0
0.657328658369605,0.000635601216127229,0.0214408699300948,0.620628429379897,0.642950271375957,0.655180866229385,0.670220657190983,0.702834592980951,1137.92952379928,0.999786740949827,0
2.06637888840792,0.0119151374282612,0.368361551194082,1.52262086659448,1.79135704036353,2.01020964032287,2.28070936738358,2.89186483114989,955.763573847065,1.00077675166522,0
1.11924175773908,0.00292750575052493,0.0878577128852129,0.971453489423564,1.05458107057278,1.10985048108204,1.1744761749105,1.31510612229378,900.667046978971,0.999255506005164,0
0.835535641684685,0.00118199712441363,0.0310925310995488,0.782392304540312,0.814698186684712,0.832666751620281,0.853053538865872,0.906175724156839,691.957330929724,0.999397121371642,0
5.01712751370629,0.0653907733247889,1.20831892898876,3.16525231644765,4.137849597766,4.83991802182881,5.64798515968296,7.88973638774494,341.452432607427,0.999288680366617,0
0.759222275151994,0.00262855433824252,0.0848626335006906,0.621709546702855,0.700109025120706,0.74761436472028,0.80829602949628,0.945631684281127,1042.31524815194,0.999083253777844,0
1.99988379354825,0.00745098591183153,0.227315987120743,1.63287454940078,1.83645544765858,1.97092337037048,2.13855442704538,2.5327352224053,930.748782776208,0.999001969124804,0
-14317.4439410984,0.381334326130393,8.29376535482406,-14333.7269772563,-14323.1396113265,-14317.1762468726,-14312.0956671576,-14301.8968920175,473.033270522536,0.999357983199282,0
