1,1,1.001,0,32.000,32.032,32.416,33.417,10,10
1,2,35.451,0,1.604,1.632,2.133,37.584,10,20
1,3,39.601,0,3.083,3.099,3.467,43.067,10,30
1,4,45.084,0,18.128,18.148,18.800,63.884,10,40
1,5,65.884,0,5.672,5.699,6.117,72.000,10,50
1,6,74.017,0,5.672,5.699,6.100,80.117,10,60
1,7,82.150,0,32.000,NaN,31.450,113.600,0,60
1,8,115.633,0,3.083,3.115,3.467,119.100,10,70
1,9,121.133,0,1.604,1.632,1.983,123.116,10,80
1,10,125.133,0,0.276,0.299,0.700,125.833,10,90
1,11,127.849,0,5.672,5.699,6.117,133.966,10,100
1,12,135.983,0,18.128,18.148,18.500,154.482,10,110
1,13,156.483,0,1.604,1.632,1.983,158.466,10,120
1,14,160.482,0,5.672,5.699,6.033,166.516,10,130
1,15,168.532,0,0.759,0.782,1.450,169.982,10,140
1,16,171.982,0,0.759,0.782,1.250,173.232,10,150
1,17,175.232,0,32.000,NaN,21.133,196.365,0,150
1,18,198.382,0,18.128,18.148,18.500,216.882,10,160
1,19,218.898,0,3.083,3.099,3.433,222.332,10,170
1,20,224.348,0,0.759,0.782,1.433,225.781,10,180
1,21,227.798,0,1.604,1.632,2.033,229.831,10,190
1,22,231.831,0,18.128,18.148,18.483,250.315,10,200
1,23,252.331,0,32.000,NaN,22.900,275.231,0,200
1,24,277.247,0,0.276,0.299,0.683,277.931,10,210
1,25,279.947,0,0.759,0.782,1.116,281.064,10,220
1,26,283.064,0,18.128,18.148,18.466,301.530,10,230
1,27,303.530,0,0.276,0.299,0.683,304.214,10,240
1,28,306.230,0,0.276,0.299,0.667,306.897,10,250
1,29,308.914,0,18.128,18.148,18.433,327.347,10,260
1,30,329.347,0,10.201,10.232,10.600,339.947,10,270
1,31,341.963,0,10.201,10.232,10.616,352.580,10,280
1,32,354.613,0,32.000,NaN,18.050,372.663,0,280
1,33,374.679,0,5.672,5.699,6.033,380.713,10,290
1,34,382.729,0,1.604,1.632,2.017,384.746,10,300
1,35,386.763,0,32.000,NaN,18.633,405.396,0,300
1,36,407.412,0,0.759,0.782,1.483,408.896,10,310
1,37,410.912,0,5.672,5.699,6.083,416.995,10,320
1,38,418.996,0,3.083,3.099,3.517,422.512,10,330
1,39,424.529,0,32.000,NaN,18.566,443.095,0,330
1,40,445.112,0,10.201,10.232,10.617,455.729,10,340
1,41,457.745,0,3.083,3.115,3.550,461.295,10,350
1,42,463.312,0,3.083,3.115,3.500,466.811,10,360
1,43,468.828,0,0.276,0.299,0.850,469.678,10,370
1,44,471.695,0,10.201,10.232,10.600,482.295,10,380
1,45,484.311,0,1.604,1.632,1.967,486.278,10,390
1,46,488.311,0,10.201,10.232,10.617,498.928,10,400
1,47,500.961,0,5.672,5.699,6.083,507.044,10,410
1,48,509.044,0,10.201,10.232,10.600,519.644,10,420
1,49,521.661,0,0.759,0.782,1.200,522.861,10,430
1,50,524.877,0,10.201,10.232,10.600,535.477,10,440
1,51,537.494,0,18.128,NaN,17.900,555.394,0,440
1,52,557.410,0,18.128,18.149,18.216,575.627,10,450
1,53,577.644,0,0.759,0.782,1.167,578.810,10,460
1,54,580.827,0,0.276,0.299,0.633,581.460,10,470
1,55,583.477,0,1.604,1.632,2.000,585.477,10,480
1,56,587.510,0,0.759,0.782,1.200,588.710,10,490
1,57,590.727,0,3.083,3.098,3.383,594.110,10,500
2,1,1.001,0,2.000,2.015,2.333,3.334,10,510
2,2,5.334,0,14.000,14.032,14.366,19.700,10,520
2,3,21.717,0,6.000,6.032,6.416,28.134,10,530
2,4,30.134,0,4.000,4.032,4.366,34.500,10,540
2,5,36.500,0,14.000,14.032,14.350,50.850,10,550
2,6,52.867,0,2.000,2.032,2.417,55.283,10,560
2,7,57.317,0,10.000,10.032,10.416,67.733,10,570
2,8,69.750,0,8.000,8.032,8.383,78.133,10,580
2,9,80.150,0,12.000,12.032,12.367,92.516,10,590
2,10,94.533,0,10.000,10.032,10.350,104.883,10,600
2,11,106.899,0,12.000,12.032,12.333,119.232,10,610
2,12,121.249,0,2.000,2.015,2.400,123.649,10,620
2,13,125.666,0,2.000,2.032,2.767,128.432,10,630
2,14,130.466,0,8.000,8.032,8.400,138.866,10,640
2,15,140.882,0,14.000,14.032,14.333,155.215,10,650
2,16,157.249,0,16.000,NaN,13.783,171.032,0,650
2,17,173.048,0,4.000,4.032,4.683,177.732,10,660
2,18,179.765,0,12.000,12.032,12.383,192.148,10,670
2,19,194.181,0,8.000,8.032,8.566,202.748,10,680
2,20,204.748,0,16.000,NaN,15.183,219.931,0,680
2,21,221.964,0,8.000,8.032,8.417,230.381,10,690
2,22,232.414,0,6.000,6.032,6.333,238.747,10,700
2,23,240.764,0,8.000,8.032,8.383,249.147,10,710
2,24,251.164,0,8.000,8.032,8.550,259.714,10,720
2,25,261.714,0,4.000,4.032,4.400,266.114,10,730
2,26,268.130,0,4.000,4.032,4.800,272.930,10,740
2,27,274.947,0,8.000,8.032,8.300,283.247,10,750
2,28,285.247,0,10.000,10.032,10.350,295.597,10,760
2,29,297.613,0,10.000,10.032,10.333,307.947,10,770
2,30,309.963,0,4.000,4.032,4.633,314.596,10,780
2,31,316.613,0,6.000,6.032,6.333,322.946,10,790
2,32,324.980,0,16.000,16.032,16.383,341.363,10,800
2,33,343.379,0,16.000,16.032,16.300,359.679,10,810
2,34,361.712,0,6.000,6.032,6.383,368.096,10,820
2,35,370.112,0,2.000,2.015,2.433,372.545,10,830
2,36,374.546,0,4.000,4.032,4.350,378.896,10,840
2,37,380.912,0,16.000,16.032,16.500,397.412,10,850
2,38,399.445,0,14.000,14.032,14.333,413.778,10,860
2,39,415.795,0,4.000,4.032,4.816,420.612,10,870
2,40,422.628,0,10.000,10.032,10.383,433.012,10,880
2,41,435.045,0,16.000,16.032,16.383,451.428,10,890
2,42,453.461,0,12.000,12.032,12.400,465.861,10,900
2,43,467.878,0,6.000,6.032,6.533,474.411,10,910
2,44,476.411,0,6.000,6.032,6.416,482.827,10,920
2,45,484.844,0,12.000,12.032,12.466,497.311,10,930
2,46,499.327,0,4.000,4.032,4.666,503.994,10,940
2,47,505.994,0,2.000,2.015,3.383,509.377,10,950
2,48,511.394,0,16.000,NaN,14.466,525.860,0,950
2,49,527.877,0,10.000,10.032,10.366,538.243,10,960
2,50,540.260,0,2.000,2.015,2.483,542.743,10,970
2,51,544.777,0,6.000,6.032,6.350,551.127,10,980
2,52,553.160,0,14.000,14.032,14.383,567.543,10,990
2,53,569.560,0,10.000,10.032,10.383,579.943,10,1000
2,54,581.960,0,14.000,14.032,14.683,596.643,10,1010
