1,1,1.001,0,32.000,32.032,32.449,33.451,10,10
1,2,35.467,0,1.604,1.632,2.266,37.734,10,20
1,3,39.734,0,3.083,3.099,3.500,43.234,10,30
1,4,45.267,0,18.128,NaN,11.517,56.784,0,30
1,5,58.817,0,5.672,5.699,6.050,64.867,10,40
1,6,66.867,0,5.672,5.699,6.050,72.917,10,50
1,7,74.933,0,32.000,NaN,8.433,83.367,0,50
1,8,85.383,0,3.083,3.099,3.433,88.817,10,60
1,9,90.850,0,1.604,1.632,2.100,92.950,10,70
1,10,94.983,0,0.276,0.299,1.866,96.850,10,80
1,11,98.850,0,5.672,5.699,6.300,105.150,10,90
1,12,107.166,0,18.128,NaN,8.800,115.966,0,90
1,13,117.983,0,1.604,1.632,1.983,119.966,10,100
1,14,121.983,0,5.672,5.699,6.133,128.116,10,110
1,15,130.149,1,0.759,0.782,1.450,131.599,10,120
1,16,133.633,0,0.759,0.782,1.500,135.132,10,130
1,17,137.149,0,32.000,NaN,14.050,151.199,0,130
1,18,153.216,0,18.128,NaN,4.717,157.932,0,130
1,19,159.949,0,3.083,3.099,3.583,163.532,10,140
1,20,165.549,0,0.759,0.782,1.233,166.782,10,150
1,21,168.816,0,1.604,1.632,1.950,170.765,10,160
1,22,172.765,0,18.128,NaN,12.033,184.799,0,160
1,23,186.815,0,32.000,NaN,7.483,194.298,0,160
1,24,196.332,1,0.276,0.299,0.717,197.048,10,170
1,25,199.082,0,0.759,0.782,1.117,200.198,10,180
1,26,202.198,0,18.128,NaN,8.350,210.548,0,180
1,27,212.565,0,0.276,0.299,0.800,213.365,10,190
1,28,215.382,0,0.276,0.299,0.933,216.315,10,200
1,29,218.332,0,18.128,NaN,3.250,221.582,0,200
1,30,223.598,0,10.201,10.232,10.566,234.165,10,210
1,31,236.198,0,10.201,10.232,10.533,246.731,10,220
1,32,248.731,0,32.000,NaN,3.050,251.781,0,220
1,33,253.798,0,5.672,5.699,6.083,259.881,10,230
1,34,261.898,1,1.604,1.632,2.117,264.014,10,240
1,35,266.031,0,32.000,NaN,4.100,270.131,0,240
1,36,272.148,0,0.759,0.782,1.350,273.497,10,250
1,37,275.531,0,5.672,NaN,5.150,280.681,0,250
1,38,282.697,0,3.083,3.099,3.600,286.297,10,260
1,39,288.297,0,32.000,NaN,15.783,304.080,0,260
1,40,306.097,0,10.201,NaN,9.416,315.513,0,260
1,41,317.530,0,3.083,3.099,3.600,321.130,10,270
1,42,323.163,0,3.083,3.099,3.450,326.613,10,280
1,43,328.613,0,0.276,0.299,0.667,329.280,10,290
1,44,331.313,0,10.201,NaN,3.766,335.080,0,290
1,45,337.097,0,1.604,1.632,2.100,339.196,10,300
1,46,341.197,0,10.201,NaN,5.067,346.263,0,300
1,47,348.280,0,5.672,5.699,6.050,354.330,10,310
1,48,356.346,0,10.201,10.232,10.866,367.213,10,320
1,49,369.230,0,0.759,0.782,1.183,370.413,10,330
1,50,372.446,0,10.201,NaN,9.716,382.163,0,330
1,51,384.179,0,18.128,NaN,14.283,398.462,0,330
1,52,400.496,0,18.128,NaN,6.617,407.112,0,330
1,53,409.129,0,0.759,0.782,1.233,410.362,10,340
1,54,412.362,0,0.276,0.299,0.633,412.996,10,350
1,55,415.029,0,1.604,1.632,2.000,417.029,10,360
1,56,419.046,0,0.759,0.782,1.250,420.296,10,370
1,57,422.312,0,3.083,NaN,1.433,423.745,0,370
1,58,425.779,0,5.672,NaN,4.500,430.279,0,370
1,59,432.295,0,0.276,0.299,0.783,433.079,10,380
1,60,435.095,0,32.000,NaN,9.617,444.712,0,380
1,61,446.745,0,32.000,NaN,4.000,450.745,0,380
1,62,452.762,0,18.128,NaN,3.633,456.395,0,380
1,63,458.428,0,18.128,NaN,8.183,466.611,0,380
1,64,468.612,0,10.201,10.232,10.966,479.578,10,390
1,65,481.578,0,0.276,0.299,0.817,482.395,10,400
1,66,484.428,0,3.083,3.115,3.517,487.945,10,410
1,67,489.945,0,10.201,NaN,5.183,495.128,0,410
1,68,497.128,0,10.201,NaN,6.767,503.894,0,410
1,69,505.894,0,0.276,0.299,0.617,506.511,10,420
1,70,508.528,0,0.759,0.782,1.216,509.744,10,430
1,71,511.761,0,0.759,0.782,1.200,512.961,10,440
1,72,514.994,0,18.128,NaN,4.983,519.977,0,440
1,73,522.011,0,0.759,0.782,1.150,523.161,10,450
1,74,525.177,0,10.201,NaN,5.066,530.244,0,450
1,75,532.261,0,32.000,NaN,4.483,536.744,0,450
1,76,538.761,0,32.000,NaN,6.550,545.311,0,450
1,77,547.344,0,3.083,3.099,3.467,550.810,10,460
1,78,552.827,0,10.201,NaN,0.367,553.194,0,460
1,79,555.194,0,3.083,3.115,3.500,558.694,10,470
1,80,560.727,0,0.759,0.782,1.350,562.077,10,480
1,81,564.094,0,1.604,1.632,2.033,566.127,10,490
1,82,568.143,0,1.604,1.632,1.950,570.093,10,500
1,83,572.110,0,18.128,NaN,5.466,577.577,0,500
1,84,579.577,0,32.000,NaN,5.233,584.810,0,500
1,85,586.827,1,1.604,1.632,2.017,588.843,10,510
1,86,590.860,0,0.276,0.299,0.700,591.560,10,520
1,87,593.577,0,1.604,1.632,2.117,595.693,10,530
2,1,1.001,0,2.000,2.032,2.350,3.351,10,540
2,2,5.367,0,14.000,NaN,6.417,11.784,0,540
2,3,13.817,0,6.000,NaN,2.850,16.667,0,540
2,4,18.667,0,4.000,4.032,4.366,23.034,10,550
2,5,25.034,0,14.000,NaN,7.300,32.334,0,550
2,6,34.350,0,2.000,2.015,2.633,36.984,10,560
2,7,39.000,0,10.000,NaN,7.633,46.633,0,560
2,8,48.650,0,8.000,NaN,6.967,55.617,0,560
2,9,57.650,0,12.000,NaN,9.517,67.166,0,560
2,10,69.183,0,10.000,10.032,10.366,79.549,10,570
2,11,81.566,0,12.000,12.015,12.383,93.949,10,580
2,12,95.983,0,2.000,2.015,2.383,98.366,10,590
2,13,100.399,0,2.000,2.015,2.400,102.799,10,600
2,14,104.816,0,8.000,NaN,7.100,111.916,0,600
2,15,113.932,0,14.000,NaN,11.383,125.316,0,600
2,16,127.332,0,16.000,NaN,4.900,132.232,0,600
2,17,134.249,0,4.000,4.032,4.417,138.665,10,610
2,18,140.682,0,12.000,12.032,12.400,153.082,10,620
2,19,155.115,0,8.000,NaN,4.583,159.698,0,620
2,20,161.699,0,16.000,16.032,16.500,178.198,10,630
2,21,180.198,0,8.000,8.032,8.383,188.582,10,640
2,22,190.598,0,6.000,NaN,5.500,196.098,0,640
2,23,198.115,0,8.000,NaN,5.117,203.231,0,640
2,24,205.248,0,8.000,NaN,6.700,211.948,0,640
2,25,213.965,0,4.000,4.032,4.750,218.714,10,650
2,26,220.731,0,4.000,4.015,4.400,225.131,10,660
2,27,227.148,0,8.000,8.032,8.500,235.648,10,670
2,28,237.664,0,10.000,NaN,5.833,243.497,0,670
2,29,245.497,0,10.000,10.032,10.400,255.897,10,680
2,30,257.914,0,4.000,4.032,4.433,262.347,10,690
2,31,264.364,0,6.000,NaN,5.533,269.897,0,690
2,32,271.914,0,16.000,NaN,7.416,279.330,0,690
2,33,281.347,0,16.000,16.032,16.500,297.847,10,700
2,34,299.880,1,6.000,6.032,6.816,306.696,10,710
2,35,308.713,0,2.000,2.032,2.983,311.697,10,720
2,36,313.713,0,4.000,4.032,4.683,318.396,10,730
2,37,320.430,0,16.000,NaN,13.883,334.313,0,730
2,38,336.330,0,14.000,NaN,5.817,342.146,0,730
2,39,344.163,0,4.000,4.032,4.550,348.713,10,740
2,40,350.729,0,10.000,NaN,9.083,359.812,0,740
2,41,361.812,0,16.000,NaN,14.317,376.129,0,740
2,42,378.146,0,12.000,NaN,7.067,385.212,0,740
2,43,387.229,0,6.000,6.032,6.567,393.795,10,750
2,44,395.812,0,6.000,NaN,3.433,399.245,0,750
2,45,401.262,0,12.000,12.032,12.450,413.712,10,760
2,46,415.728,0,4.000,4.032,4.417,420.145,10,770
2,47,422.162,0,2.000,2.015,4.650,426.812,10,780
2,48,428.828,0,16.000,NaN,3.983,432.811,0,780
2,49,434.828,0,10.000,NaN,8.350,443.178,0,780
2,50,445.211,0,2.000,2.032,4.300,449.511,10,790
2,51,451.528,0,6.000,NaN,2.933,454.461,0,790
2,52,456.478,0,14.000,NaN,6.217,462.694,0,790
2,53,464.711,0,10.000,NaN,5.100,469.811,0,790
2,54,471.828,0,14.000,NaN,7.867,479.694,0,790
2,55,481.711,0,14.000,NaN,5.433,487.144,0,790
2,56,489.177,0,8.000,NaN,3.633,492.811,0,790
2,57,494.827,0,2.000,2.032,7.300,502.127,10,800
2,58,504.144,0,12.000,NaN,8.433,512.577,0,800
2,59,514.594,0,16.000,NaN,2.667,517.260,0,800
2,60,519.294,0,2.000,2.015,3.217,522.510,10,810
2,61,524.544,0,6.000,NaN,1.233,525.777,0,810
2,62,527.794,0,10.000,NaN,7.000,534.794,0,810
2,63,536.827,0,6.000,NaN,5.650,542.477,0,810
2,64,544.493,0,14.000,14.032,14.900,559.393,10,820
2,65,561.410,0,12.000,12.032,13.733,575.143,10,830
2,66,577.176,0,12.000,12.032,13.216,590.393,10,840
