1,1,1.001,0,32.000,32.032,32.633,33.634,10,10
1,2,35.651,0,1.604,1.632,3.067,38.717,10,20
1,3,40.734,0,3.083,3.099,3.567,44.301,10,30
1,4,46.334,0,18.128,NaN,9.133,55.467,0,30
1,5,57.484,0,5.672,5.699,6.083,63.567,10,40
1,6,65.584,0,5.672,5.699,6.083,71.667,10,50
1,7,73.683,0,32.000,NaN,15.383,89.067,0,50
1,8,91.100,0,3.083,3.099,3.517,94.617,10,60
1,9,96.633,0,1.604,1.632,2.050,98.683,10,70
1,10,100.700,0,0.276,0.299,0.767,101.466,10,80
1,11,103.500,0,5.672,NaN,0.383,103.883,0,80
1,12,105.900,0,18.128,NaN,10.967,116.866,0,80
1,13,118.900,0,1.604,1.632,2.067,120.966,10,90
1,14,122.983,0,5.672,5.699,6.100,129.083,10,100
1,15,131.100,0,0.759,0.782,1.167,132.266,10,110
1,16,134.283,0,0.759,0.782,1.100,135.382,10,120
1,17,137.399,0,32.000,NaN,8.766,146.166,0,120
1,18,148.182,0,18.128,NaN,9.517,157.699,0,120
1,19,159.716,0,3.083,3.099,3.450,163.166,10,130
1,20,165.182,0,0.759,0.782,1.333,166.516,10,140
1,21,168.516,0,1.604,1.632,2.000,170.516,10,150
1,22,172.516,0,18.128,NaN,7.650,180.165,0,150
1,23,182.165,0,32.000,NaN,10.883,193.048,0,150
1,24,195.065,0,0.276,0.299,0.883,195.948,10,160
1,25,197.949,0,0.759,0.782,1.183,199.132,10,170
1,26,201.165,0,18.128,NaN,8.216,209.382,0,170
1,27,211.382,0,0.276,0.299,0.717,212.098,10,180
1,28,214.115,0,0.276,0.299,0.616,214.731,10,190
1,29,216.732,0,18.128,NaN,3.883,220.615,0,190
1,30,222.632,0,10.201,NaN,6.150,228.781,0,190
1,31,230.781,0,10.201,NaN,10.166,240.948,0,190
1,32,242.965,0,32.000,NaN,9.316,252.281,0,190
1,33,254.315,0,5.672,5.699,6.100,260.414,10,200
1,34,262.431,0,1.604,1.632,2.050,264.481,10,210
1,35,266.498,0,32.000,NaN,6.183,272.681,0,210
1,36,274.681,0,0.759,0.782,1.233,275.914,10,220
1,37,277.931,0,5.672,5.699,6.067,283.997,10,230
1,38,286.014,0,3.083,3.115,3.583,289.597,10,240
1,39,291.614,0,32.000,NaN,9.983,301.597,0,240
1,40,303.614,0,10.201,10.232,10.733,314.347,10,250
1,41,316.364,0,3.083,3.099,3.550,319.913,10,260
1,42,321.914,0,3.083,3.099,3.533,325.447,10,270
1,43,327.463,0,0.276,0.299,0.850,328.313,10,280
1,44,330.313,0,10.201,10.232,10.566,340.880,10,290
1,45,342.913,0,1.604,1.632,1.950,344.863,10,300
1,46,346.880,0,10.201,NaN,9.866,356.746,0,300
1,47,358.780,0,5.672,5.699,6.117,364.896,10,310
1,48,366.913,0,10.201,10.232,10.600,377.513,10,320
1,49,379.529,0,0.759,0.782,1.200,380.729,10,330
1,50,382.763,0,10.201,NaN,7.066,389.829,0,330
1,51,391.846,0,18.128,NaN,6.350,398.196,0,330
1,52,400.229,0,18.128,NaN,15.350,415.579,0,330
1,53,417.596,0,0.759,0.782,1.217,418.812,10,340
1,54,420.846,0,0.276,0.299,0.733,421.579,10,350
1,55,423.596,0,1.604,1.632,1.966,425.562,10,360
1,56,427.562,0,0.759,0.782,1.150,428.712,10,370
1,57,430.712,0,3.083,3.099,3.483,434.195,10,380
1,58,436.229,0,5.672,5.699,6.250,442.478,10,390
1,59,444.495,0,0.276,0.299,0.733,445.228,10,400
1,60,447.229,0,32.000,NaN,9.950,457.178,0,400
1,61,459.178,0,32.000,NaN,6.950,466.128,0,400
1,62,468.162,0,18.128,NaN,8.500,476.661,0,400
1,63,478.678,0,18.128,NaN,13.400,492.078,0,400
1,64,494.078,0,10.201,10.232,10.566,504.644,10,410
1,65,506.661,0,0.276,0.299,0.933,507.594,10,420
1,66,509.628,0,3.083,3.099,3.500,513.128,10,430
1,67,515.144,0,10.201,10.232,10.650,525.794,10,440
1,68,527.811,0,10.201,10.232,10.550,538.361,10,450
1,69,540.377,0,0.276,0.299,0.733,541.111,10,460
1,70,543.127,0,0.759,0.782,1.367,544.494,10,470
1,71,546.510,0,0.759,0.782,1.200,547.710,10,480
1,72,549.744,0,18.128,NaN,13.750,563.494,0,480
1,73,565.510,0,0.759,0.782,1.183,566.693,10,490
1,74,568.694,0,10.201,10.232,10.616,579.310,10,500
1,75,581.343,0,32.000,NaN,6.866,588.210,0,500
1,76,590.226,0,32.000,NaN,6.067,596.293,0,500
2,1,1.001,0,2.000,2.032,2.850,3.851,10,510
2,2,5.867,0,14.000,14.032,14.500,20.367,10,520
2,3,22.400,0,6.000,6.032,6.416,28.817,10,530
2,4,30.834,0,4.000,4.032,4.400,35.233,10,540
2,5,37.234,0,14.000,NaN,8.666,45.900,0,540
2,6,47.900,0,2.000,2.032,2.433,50.333,10,550
2,7,52.366,0,10.000,NaN,6.267,58.633,0,550
2,8,60.650,0,8.000,8.032,8.450,69.100,10,560
2,9,71.116,0,12.000,12.032,12.400,83.516,10,570
2,10,85.516,0,10.000,10.032,10.467,95.983,10,580
2,11,97.999,0,12.000,12.032,12.433,110.432,10,590
2,12,112.466,0,2.000,2.032,2.450,114.916,10,600
2,13,116.932,0,2.000,2.032,2.417,119.349,10,610
2,14,121.366,0,8.000,8.032,8.383,129.749,10,620
2,15,131.749,0,14.000,NaN,9.233,140.982,0,620
2,16,142.999,0,16.000,NaN,15.633,158.632,0,620
2,17,160.632,0,4.000,4.032,4.483,165.115,10,630
2,18,167.132,0,12.000,12.032,12.467,179.598,10,640
2,19,181.632,0,8.000,8.032,8.400,190.031,10,650
2,20,192.048,0,16.000,NaN,12.783,204.831,0,650
2,21,206.831,0,8.000,8.032,8.433,215.264,10,660
2,22,217.281,0,6.000,6.032,6.533,223.814,10,670
2,23,225.831,0,8.000,8.032,8.400,234.231,10,680
2,24,236.248,0,8.000,8.032,8.400,244.647,10,690
2,25,246.681,0,4.000,4.032,4.483,251.164,10,700
2,26,253.181,0,4.000,4.032,4.367,257.547,10,710
2,27,259.547,0,8.000,8.032,8.350,267.897,10,720
2,28,269.914,0,10.000,10.032,10.417,280.330,10,730
2,29,282.347,0,10.000,10.032,10.383,292.730,10,740
2,30,294.747,0,4.000,4.032,4.433,299.180,10,750
2,31,301.213,0,6.000,6.032,6.400,307.613,10,760
2,32,309.630,0,16.000,NaN,11.533,321.163,0,760
2,33,323.163,0,16.000,NaN,9.416,332.579,0,760
2,34,334.596,0,6.000,6.032,6.633,341.229,10,770
2,35,343.229,0,2.000,2.032,2.400,345.629,10,780
2,36,347.629,0,4.000,4.032,4.500,352.129,10,790
2,37,354.146,0,16.000,NaN,10.617,364.762,0,790
2,38,366.762,0,14.000,NaN,12.416,379.179,0,790
2,39,381.212,0,4.000,4.032,4.450,385.662,10,800
2,40,387.679,0,10.000,10.032,10.433,398.112,10,810
2,41,400.129,0,16.000,NaN,13.583,413.712,0,810
2,42,415.728,0,12.000,12.032,12.433,428.162,10,820
2,43,430.178,0,6.000,6.032,6.450,436.628,10,830
2,44,438.661,0,6.000,6.032,6.417,445.078,10,840
2,45,447.095,0,12.000,12.032,12.383,459.478,10,850
2,46,461.494,0,4.000,4.015,4.783,466.278,10,860
2,47,468.311,0,2.000,2.032,2.516,470.827,10,870
2,48,472.828,0,16.000,NaN,11.750,484.577,0,870
2,49,486.577,0,10.000,10.032,10.417,496.994,10,880
2,50,499.027,0,2.000,2.032,2.433,501.460,10,890
2,51,503.477,0,6.000,6.032,6.383,509.860,10,900
2,52,511.877,0,14.000,NaN,8.216,520.093,0,900
2,53,522.094,0,10.000,10.032,10.400,532.493,10,910
2,54,534.510,0,14.000,14.032,14.433,548.943,10,920
2,55,550.943,0,14.000,NaN,9.833,560.776,0,920
2,56,562.776,0,8.000,8.032,8.483,571.259,10,930
2,57,573.260,0,2.000,2.032,2.667,575.926,10,940
2,58,577.960,0,12.000,NaN,8.583,586.543,0,940
2,59,588.543,0,16.000,NaN,6.067,594.609,0,940
2,60,596.643,0,2.000,2.032,2.283,598.926,10,950
