0.00891074199026064,0.000198198413796807,0.00161423868032562,0.00610355824996433,0.00776335571361328,0.00880888171764313,0.00994308602957774,0.0125767476362795,66.3338417524862,1.00423332053752,0
0.0141344850540744,0.000516460326162205,0.00926311058901359,0.00252391607757604,0.00743992714142119,0.0120188216320125,0.018905431380623,0.036756377098866,321.691634681495,1.00575949924302,0
4.89266390692919,0.0516626504406197,0.344933133019745,4.24058207450111,4.65363538334136,4.90361358967496,5.13089608568204,5.54373239978972,44.5775771527416,1.01133673642002,0
0.857013388511586,0.000977527726360465,0.00641653515035608,0.844716775180021,0.852754172000339,0.856991736806294,0.861451173095021,0.869303033008787,43.0866755585199,1.07539211500781,0
1.176432141017,0.0206230588584074,0.107887983380908,0.962483334687057,1.10387833581447,1.17907246273374,1.25486429280291,1.38232246848594,27.3678063599764,1.07910706655591,0
0.00315860164645618,5.82489027157367e-05,0.00201370701625945,0.000375147086142646,0.00151312672912624,0.00280561817687307,0.00442217533651744,0.00783974937520332,1195.13528688601,1.00220974110042,0
0.00965425715286918,0.000301766512206098,0.00641140881372418,0.000814362712140344,0.00450214768147541,0.00870042601266368,0.0136540319219462,0.0240520114975725,451.403428258404,0.999001805556443,0
0.00963195659670013,5.34119279893697e-05,0.0022870376369025,0.00536583626100236,0.007993289177133,0.00954611511295975,0.0111296776314287,0.0142705289161494,1833.45440292334,0.999548224971811,0
0.00608909995764264,0.000104288283831096,0.00295990828248403,0.00100056304059224,0.00384029746301179,0.00593420273525312,0.00814243499762134,0.0123328024823762,805.536950135153,0.999082450926557,0
0.00164202222775264,3.60918235212708e-05,0.00129193921750009,0.000121936773697757,0.000714094077619099,0.0013139056176409,0.00230031465629119,0.0051615107766487,1281.34628208453,0.999025719961484,0
0.00558214480751062,3.13740609349112e-05,0.00133692862456086,0.00321160121661057,0.00466260722411354,0.00547748217714195,0.00643283740079593,0.00835124300722258,1815.82910312837,0.999341054334176,0
0.0222760740347636,6.67924724402405e-05,0.00263594552408709,0.0171919582724426,0.0206081398679647,0.0221674149791825,0.0238333762553433,0.0276854978677202,1557.46329881015,0.99920364909108,0
0.0135465039925533,4.21615887838653e-05,0.00180840467297985,0.0101199216220513,0.012313358590592,0.0134951401350289,0.0147246890872892,0.0172742231101438,1839.74361756867,0.999195180109839,0
0.0145213055952483,7.32674271554758e-05,0.00301158523539526,0.00897373889989369,0.0124958015689604,0.0143978925765559,0.0164106255057071,0.0206272931695505,1689.53983659169,1.00429906856721,0
0.0197840901844283,0.000153804602671859,0.00486910009865844,0.0116675299999102,0.0164355088510984,0.0192757834795843,0.0229561560723412,0.0304652709325941,1002.21002225167,1.00056153338143,0
0.0219308624911473,9.66485456584525e-05,0.00362601304787692,0.0154964785506343,0.0193285663784281,0.021658323904333,0.0240922779116074,0.030021895870288,1407.56376594861,1.00167714667298,0
0.00440887387487802,7.76889251197853e-05,0.00268670486635518,0.000429420650110653,0.00229778538811897,0.00408836105356968,0.0061472367433404,0.0102641219349226,1195.97389007115,0.999406598350423,0
0.015599978428506,5.55506245326176e-05,0.00215076036216552,0.0115565533763302,0.0140691547909071,0.0154814781148103,0.0170301634500419,0.0199933176186114,1499.01561257379,1.00027993531039,0
0.000652986687187555,1.7168553432118e-05,0.000522848368890187,5.09591610384143e-05,0.000263168812974815,0.000498708782874832,0.00091537445855897,0.00197285421620692,927.436333981556,0.999368711784384,0
0.0214409706318675,9.70526595987957e-05,0.00305190781782382,0.0156924662087821,0.0192880773942271,0.0214873212335382,0.0235044568113137,0.0273905231361337,988.844360699164,1.00060426794206,0
0.0183186611591927,0.00015227831310886,0.00412068344847893,0.0101071512022745,0.0156030058186223,0.0184351558017257,0.0212229538540034,0.0260140038839163,732.255078016633,0.999946195697556,0
0.00793253064929284,0.00015500597226537,0.00444683193550795,0.000780678788833465,0.00453325483836527,0.00749605492893693,0.010754247891077,0.0175927570932992,823.008970348671,0.999139102885773,0
0.0162489982738304,5.4722048338643e-05,0.00296898702516109,0.0110295085614737,0.0142201779807071,0.0159722369433484,0.0181725339748895,0.0224976703101381,2943.68888876626,0.999143031641249,0
0.0248061681381065,9.00787873161483e-05,0.00334906806620506,0.018540763862121,0.0226629929387783,0.0246676166122675,0.0269857921345932,0.031451123682056,1382.30184174295,0.999857937889791,0
0.00289401386236713,5.69584910125914e-05,0.00188192689845414,0.000169146479754344,0.00142499797408148,0.00266115581089349,0.00400928473282264,0.0070076925716959,1091.66289499222,1.00059323317152,0
0.0382291326453363,0.000121847020097792,0.00357075685463341,0.0316300020729879,0.0358807021950578,0.0379834276542703,0.0405447130534673,0.0457262156607929,858.797422100398,1.00317305971349,0
0.0151535351396321,0.000110892600538239,0.00326662207764073,0.00994435195637702,0.012732093372818,0.0148697523624342,0.0171697864965554,0.0226523785171898,867.74605803214,0.998999520177519,0
0.00238897087366579,5.88760832041279e-05,0.00164609081738207,0.000200892008276157,0.00114064217360103,0.00213115378249868,0.00329738571785697,0.00662867707858626,781.681374119896,0.999080185155512,0
0.00353640027212338,8.13382032302324e-05,0.00273079584927181,0.000199550951690016,0.00145561802131524,0.00281229984100144,0.00515489670936015,0.00981593892359516,1127.16973433953,1.00154629689377,0
0.0228749700355044,6.99529913071591e-05,0.00327004420718304,0.0172183936307749,0.0205910069592956,0.0225680997068749,0.0248630852930864,0.0298858089915535,2185.21748539975,0.999122332780687,0
0.00227562612124288,5.07387366538075e-05,0.00179151111742909,0.000163319766531717,0.000952928521218789,0.00177170666101476,0.00319984104350953,0.00679757059926884,1246.69356023821,1.0002736862148,0
0.0266656936364086,7.54449910288843e-05,0.00279048413711267,0.021561517517292,0.0247290449100711,0.0265660054139634,0.0285173970985013,0.0326279332244827,1368.03841797638,0.999128548431659,0
0.00822273194881171,9.2740791090461e-05,0.00309502256596346,0.00222668768081863,0.00604040515354858,0.0082564914487689,0.0103321687374927,0.0144559880317958,1113.74571803745,0.999001944721323,0
0.0166289301588184,0.000164114651940239,0.00312112085421152,0.0115585411174082,0.0143791565085515,0.0162656854931517,0.0185420158603518,0.023984932387019,361.681636370423,1.00197811929303,0
0.0018961714172063,4.05670791417574e-05,0.00148372069301517,0.000132520032307203,0.000818023583234681,0.00150852099244745,0.00267509664864368,0.00564590411391335,1337.69415293097,1.0001398789526,0
0.0334951848722737,0.000124528065863839,0.00311805353838741,0.0279134602909144,0.0313021070460691,0.0333734816884959,0.0355321246569195,0.0401709352825563,626.949629815875,1.00497688670592,0
0.0015171335386543,3.01128713834199e-05,0.00113327493205699,0.00012165083007127,0.000648763569809103,0.00122569119577468,0.00213848461670826,0.00430298639315654,1416.33577873218,0.999751475409352,0
0.0113562281184065,3.98319444233111e-05,0.00178404594571525,0.00807151501767106,0.0101193471259617,0.0112138289932148,0.0125615618591333,0.0149426928926513,2006.08372741521,0.999134580692819,0
0.0136103426578552,7.2391322779142e-05,0.00297856715260955,0.00823126083942798,0.011595176600363,0.0134723349796194,0.01545679344357,0.0196043633828043,1692.940781376,0.999152865390693,0
0.0464403589678198,0.00013109107597349,0.00524980017932243,0.0363807198744776,0.0428038458799317,0.0461694791951147,0.0499245099637493,0.0572422724611533,1603.75967942979,0.999040887012045,0
0.0106522066910091,9.20873930689968e-05,0.00197143027599125,0.00704617978901395,0.00918051966178851,0.0107036003839654,0.0119929136739378,0.0146660493760487,458.313327691773,0.999501011364236,0
0.000843103610433353,1.9400673281471e-05,0.000656412209776167,5.65046920410409e-05,0.000348342450873219,0.000674448706480756,0.0011885058330691,0.0025098991821289,1144.7738424106,1.00357022329851,0
0.00122154473258017,2.66878017912458e-05,0.000961307523056342,8.26846895182046e-05,0.000482035127190377,0.000986106744445535,0.00170671934509392,0.00363912315582695,1297.47522882984,0.999198317275738,0
0.0274652602745201,0.000591921964756533,0.012094197156868,0.00443179394163585,0.0185599380359253,0.0279396517932417,0.0362016363491923,0.0493859360751119,417.469908259548,0.999398877710183,0
0.0238255207943492,9.6516715690101e-05,0.00297184975371726,0.018787568981204,0.0216763777087564,0.0235876212095539,0.0257707653348698,0.0300682541965387,948.087953017659,1.00313623712231,0
0.00313974973636965,6.49518922947939e-05,0.00221448810832942,0.000155944431603997,0.00139623565427321,0.00270345736693181,0.00450284303223291,0.00852340119832551,1162.42003989651,0.999014162674964,0
0.000847724747084404,1.86351442835284e-05,0.000622257257767065,6.42726726282321e-05,0.000376069948073833,0.000708389417684263,0.00119021489589043,0.00239831639249839,1114.99885705779,1.00128462922482,0
0.0132634827775201,3.33358286384852e-05,0.00158445547461771,0.0102666460753534,0.0122138287873524,0.0132617796968922,0.0142162384363973,0.0164809013953205,2259.11099300364,0.999327327023225,0
0.00546178948142002,3.17098793050883e-05,0.0012586679937628,0.00306336579064329,0.00459259359731809,0.00539035692975054,0.0062831490238593,0.00808107506742411,1575.55366254296,0.999839269185294,0
0.0101479031732783,0.000111913942537334,0.00322767304688591,0.00361032111163892,0.00796096352396318,0.0101915541878922,0.0123171295226762,0.0164909994671411,831.784226343662,0.999026073217312,0
0.00966030193725157,4.61161158973792e-05,0.00201736560156503,0.00604151132646392,0.00811228963977456,0.00965330530941687,0.0110631637814919,0.0135801003553078,1913.65559159207,1.00007674476757,0
0.0127424965552345,3.08049632241291e-05,0.00121843576840574,0.0104543541170891,0.0119198397922224,0.0126635452829939,0.0135422792329041,0.0153707031527817,1564.45793373854,1.00219882620873,0
0.0157287294260867,0.000259025250679915,0.00645172880983842,0.0046109845291321,0.0111316508550423,0.0155415815680721,0.0198307064579395,0.0288057504338846,620.394591174577,0.999582125925211,0
0.0255451786065834,0.000115841207241039,0.00403097750250983,0.0187860119813658,0.0227479875069238,0.0252246467146354,0.0279899889919444,0.0343676244070346,1210.86185699518,0.999726361014258,0
0.00447124036256805,0.000132384028123398,0.00298434417570976,0.000359581192753039,0.00205669397089692,0.00381243554294616,0.00653720887443937,0.0112379476795556,508.190605397674,0.999473564973552,0
0.0281380412320809,0.00199587736405016,0.057828974028705,2.1516322961139e-05,0.00176924229695195,0.00808250994997295,0.0289619062518771,0.166011692923004,839.504965570999,0.999430870464641,0
0.0515707248831216,0.004051923352411,0.114793378110808,4.07859940970358e-05,0.00256449579397887,0.0115875429839618,0.048399070427393,0.34883236481468,802.622314397077,0.999690445785279,0
0.0130665035399819,0.000673249492408525,0.0202963879910158,2.52671030128731e-05,0.00134382397467604,0.00551155429376763,0.015162654258363,0.068728996643535,908.835836486897,0.99902564824446,0
0.0347637975198474,0.00300434327989942,0.0873726166324056,2.60587012078276e-05,0.00213706137698835,0.00991882157378298,0.0343492615153248,0.223354445322192,845.768635894538,0.999044925537726,0
0.0600992553317446,0.0057503179377843,0.137755416448925,3.57932133158243e-05,0.00266962012981818,0.0122388449657887,0.0517792818659107,0.397237809545809,573.896601096294,1.00395347776002,0
0.023811434275201,0.001276537823789,0.0381070408714606,4.15255205121102e-05,0.00213924279526462,0.00915222605069944,0.0290417380254587,0.127934120911119,891.134128729131,0.999123241145533,0
0.0123857304552116,0.000533105158946539,0.0169542675403291,2.8536706471254e-05,0.00136304058993464,0.00537940595495638,0.016941521552671,0.0626549137671001,1011.42176161093,0.9991024638133,0
0.0243588548525526,0.00124220793723566,0.0379414334386376,1.57852145114592e-05,0.00179873781730073,0.0093414330075711,0.0301395873110352,0.137268893155842,932.908112070591,0.999953623912193,0
0.231565277610226,0.0179291188909887,0.313714118113494,9.56947275380641e-05,0.00789871619775898,0.0637512327774855,0.385975790264371,1.04863184728677,306.161257687021,1.00727027921029,0
0.0153705771222812,0.000800144607174994,0.0231712459570281,2.83293713221226e-05,0.00134059196629312,0.00643656727495231,0.0194885978087693,0.0788061355084037,838.613422556145,0.999271813013618,0
0.0263835811002852,0.00101392387564756,0.0310286503299282,4.49934544432896e-05,0.00310685521052056,0.0131652556231509,0.0416067271832083,0.11342615236436,936.515718152361,0.999034747806327,0
0.0308522358172063,0.00238819235628467,0.0656216623210065,5.01870305608045e-05,0.00207213264062985,0.00918256352588046,0.0301987332916425,0.195282228945936,755.015465018515,0.99948038291138,0
0.00598333450822614,0.000235848448941327,0.00828917491530917,1.80421388127543e-05,0.000828591415862135,0.00291906790013163,0.00811068876723996,0.0277904213319612,1235.25482578542,0.999553046474097,0
0.0369052592089655,0.00295338309018259,0.0775774178355462,2.61309567582979e-05,0.00194234866715836,0.00937456184629268,0.035258277825752,0.244179073002571,689.971372866767,0.999276204763865,0
0.010828420899645,0.00055284190098131,0.0168194687577281,3.19058546871207e-05,0.00110530006202336,0.00434767826339838,0.0135985094063911,0.0553090964233237,925.598507601813,1.00136697411997,0
0.00894877742222261,0.000423985220575373,0.013699778741517,9.32822372434426e-06,0.000981829203947399,0.00408505794806922,0.0106144224841179,0.0477387169990579,1044.06051140768,0.999235155387746,0
0.0521998854313734,0.00536119462805759,0.127755332461868,5.62689608562007e-05,0.00242058707171352,0.0110661677168334,0.0462041286717515,0.346401955976141,567.851693683695,1.00247087714164,0
0.00599565332443351,0.000239771011524425,0.00846749974538764,2.53568486740465e-05,0.000858260183973122,0.00290928910300311,0.00767574646985697,0.0296956408301422,1247.14524043653,0.999042822395788,0
0.00607260381457207,0.000256909264671572,0.00877730412360198,8.68397721649152e-06,0.000791936492183839,0.00306799097233905,0.00784079899621942,0.0316900334916902,1167.24698458968,1.00013944228,0
0.0432217509352874,0.00305409258808094,0.0893982264422379,5.4685398767781e-05,0.00254146566954464,0.0108581565019699,0.0396831595648698,0.331635978148931,856.827521950342,0.999045884147831,0
0.0188015840356828,0.000817581585502648,0.0264622728962713,3.15350360931126e-05,0.00178677236523077,0.00767927171740126,0.024257865663216,0.0995634379140631,1047.59178773063,0.999228319007736,0
0.00278888118740598,9.91040332273361e-05,0.0035991812597254,8.77709602875264e-06,0.000432632121776868,0.00141577198568875,0.00393456045725346,0.0132903786642422,1318.93920947616,1.00350457443585,0
0.0251054348346223,0.00199512240026905,0.0502323301337122,4.42733728348832e-05,0.0019248469278189,0.0080178867821976,0.027031062299201,0.145463999305242,633.909936265619,0.999866666477359,0
0.0590101278865047,0.00557300184363778,0.140180699680922,4.65013211790021e-05,0.00276635261894761,0.0139000186293438,0.0509726874466555,0.422436435672564,632.700347837556,1.00033733198717,0
0.153436065356126,0.00127749798440499,0.0372476118342719,0.0831863413575855,0.127078496866313,0.154632095420731,0.176807161209552,0.226624404817755,850.112531922675,0.999609090620678,0
0.0442795771170632,0.00354291432376153,0.0941563455739323,1.70551096712468e-05,0.00215197047226556,0.0125720003191618,0.0433203335991609,0.291602335076596,706.281593246135,1.00905589624412,0
0.01681925110771,0.000917909534370354,0.0258077759524016,2.33956593887349e-05,0.00135503914065576,0.00664589732553247,0.022343341546256,0.0924005081879988,790.499132588047,1.00171956227874,0
0.0205448833764384,0.00131538243426332,0.0383932587251066,1.09741807364118e-05,0.00188530437538134,0.00776919365215749,0.0243647599741098,0.111024595195058,851.933851329448,1.0013690693998,0
0.19636902457003,0.0153018924109261,0.204930889523722,9.01510491065265e-05,0.0101064678619829,0.105769269954543,0.373415572443764,0.613602831094637,179.359573347685,1.00912662371385,0
0.0430439248998961,0.00438491944949468,0.101095743354214,3.32394037931984e-05,0.00243927780613757,0.0121789843158992,0.0407368877077422,0.270890812465775,531.548014507672,0.999732711915126,0
0.0133156329626495,0.000625965460584664,0.0199517064590085,3.65296459880338e-05,0.00116222399462087,0.00529770311509138,0.0177571424296468,0.0655960438994569,1015.91963065002,1.00536352090057,0
0.0537920110413029,0.00482015154312425,0.132887335286796,5.01377072300834e-05,0.00267763919224426,0.0117886428379802,0.048021626012226,0.383180211661132,760.056365863251,1.00108985600668,0
0.0478976017455549,0.00216094645855998,0.0568149688887387,8.46100570898336e-05,0.00518721170358706,0.0236828580923063,0.0743113693454201,0.193810854183868,691.253802408192,0.999214170550006,0
0.0212826461704812,0.00098730438557526,0.0313553341129824,4.43019031818904e-05,0.00214483978149048,0.0086490900010676,0.0268998563288699,0.117671796499339,1008.60410967997,0.999507290018814,0
0.442155727404928,0.00204869122776972,0.0642656058531795,0.306304159989154,0.398229644022439,0.444084239655825,0.483872874782651,0.568507110223968,984.020614268555,1.00084955295951,0
0.269017856962456,0.0129408064216289,0.195647087070771,0.000434820805184365,0.0523580563447885,0.29980436119353,0.429223665573147,0.595023233431471,228.572559222881,1.00721644285099,0
0.0624275925725693,0.00649094416081183,0.164556278094293,4.67097072080479e-05,0.00242408156600995,0.0133739459602758,0.0507602658072934,0.42401233925239,642.70720101106,0.99986408725587,0
0.0500662968185773,0.0046256083851616,0.121431869589292,5.63258980052333e-05,0.00246145203111487,0.0123642838705435,0.0478996309236932,0.316585302898007,689.172024569443,0.999751284165458,0
0.049959909648923,0.00409689270010576,0.113971471557916,7.79544803750202e-05,0.00290451029382719,0.0116390106440442,0.0437806203517745,0.3643493428088,773.896944794558,0.999494968667738,0
0.147804342342753,0.0060654753752516,0.108113954433805,0.000188766355986305,0.045559985418348,0.14868790951396,0.229725032863243,0.356021167336733,317.71214555697,1.01203457372986,0
0.0737942937389413,0.00695184761560171,0.183020353718928,5.13542995728687e-05,0.00289977739871509,0.0143471788683758,0.0604234991054823,0.549983290773525,693.10382104944,0.999062073487494,0
0.0439506600484213,0.0044444717931943,0.11667252702395,4.9315125086037e-05,0.00270344762338671,0.00993501762141333,0.04107265305122,0.269850100664624,689.123246186294,0.999003398755126,0
0.00880470404409608,0.000392928696909366,0.0131956812931602,2.27397515580633e-05,0.000767306292598659,0.0035318068120244,0.0114043516970579,0.0502624007831553,1127.81051562521,1.00045014502082,0
0.010730358341024,0.000465230426032313,0.015128909839861,1.08380212646135e-05,0.00113816925705309,0.00466624062045701,0.0139546714957512,0.0579209914068019,1057.49677069501,0.999321742557985,0
0.017206524796139,0.00105627855472431,0.0313321865229611,6.19608832808292e-06,0.00134010311198348,0.00643807947070856,0.0179319605400164,0.100470855869075,879.882097548341,0.999480640556295,0
0.0244928770755869,0.00131835056875705,0.0405012827607207,3.93051734480399e-05,0.00198097974726219,0.00845405951682189,0.0277531953773771,0.142557696089639,943.790790362664,0.999912663481258,0
0.00742199501767314,0.000332636863752902,0.0109751814121208,8.81780145192312e-06,0.00080671657017331,0.0033556306049115,0.00968218496013065,0.0372190530113701,1088.63592150118,1.00055110346385,0
0.05570725559014,0.006244502658626,0.143523183784723,5.88155476081492e-05,0.00230139726050602,0.012992157156094,0.0533703048132921,0.316405734191746,528.260830611542,0.999643630206848,0
0.0865232676299057,0.00155554661894988,0.0386413478423302,0.00964237616185673,0.0602364428098794,0.0873299473317032,0.112972488405537,0.157365352807869,617.07573711528,0.999039725861702,0
0.0265188967584821,0.00265354762074112,0.0599655872470749,1.94019311482115e-05,0.00137587447615197,0.00690951347507718,0.0250649337336617,0.189600899737107,510.681835193767,1.00542715386279,0
4.47878633930537,0.0123300811963974,0.420081877772587,3.67612177503459,4.20653493953296,4.48357260728815,4.75342601637861,5.29009128564785,1160.74285787899,1.00383995778864,0
3.22522824754838,0.0455349970695977,0.975982618510114,1.69183928693738,2.5109068579814,3.08393653698476,3.79462227955692,5.480321757758,459.402697199162,0.999438844430454,0
6.16263995917695,0.0130168576320208,0.503068331407021,5.22420383867645,5.81768255072859,6.1496330127622,6.50269402439547,7.18828612631635,1493.62525443054,0.999020938384747,0
1.76353563050507,0.0125394649883026,0.313922185213667,1.14603619113317,1.55145899819374,1.7557808495889,1.97342543091572,2.36281122436735,626.737965263719,1.00340177620585,0
2.28689815497104,0.010364271377415,0.34342659684416,1.65118894164802,2.04012412607157,2.27124537580952,2.51340808284808,2.97373321571861,1097.96956155248,0.999528720431494,0
11.3720725233743,0.0207297397126492,0.927434796996442,9.57832200557911,10.7100066937885,11.3651618132303,12.0218583667279,13.1526233717941,2001.60821507133,0.999200922201685,0
4.97946292338809,0.00991402654284291,0.362934705675349,4.27343209503664,4.71883196208647,4.9846467354694,5.22358703206284,5.69817372708975,1340.16059666076,1.00017796914403,0
7.18471072416733,0.0147792997894055,0.605001987102976,6.04798465140585,6.75533162288294,7.18169323287147,7.58190059232725,8.42972233511488,1675.73710020663,0.999503945601032,0
4.6347054700647,0.0328703323172061,0.652530790813666,3.59330766542532,4.16817549990141,4.55278963254541,4.99071203096868,6.26314080559801,394.088561254783,1.00113831417111,0
2.66513604286538,0.00812431865552069,0.27227389314419,2.16641760766962,2.47576714977182,2.65028259257811,2.84366945120961,3.217967028046,1123.15088620534,0.999039241599404,0
5.40530396254084,0.0117799974336176,0.407357698697262,4.63755482479033,5.12749020224189,5.40325812926361,5.68042926576632,6.25565465034853,1195.80802971873,1.00202544838445,0
3.06067297761619,0.0131709934375772,0.373272650203259,2.35607388489368,2.81556690957429,3.05788038003138,3.31714765159295,3.78413899750732,803.184416582451,0.999920588572322,0
7.87639382790742,0.0153518957034118,0.596640712837297,6.76556381204968,7.46017939660246,7.83900821190913,8.24108235833376,9.0978304291873,1510.43397980713,1.00412547459578,0
6.67383136881834,0.0139822813268826,0.589108613654971,5.53247414010807,6.26320560115658,6.64136458440087,7.08621174336068,7.84947092238653,1775.14843401851,0.999063661638945,0
4.10552239107498,0.0120573271116562,0.403037619457614,3.28615342375966,3.84924277720512,4.11017810712395,4.37756553315065,4.8466784656923,1117.34961400608,0.999118368612235,0
2.27018290554452,0.0104489866542208,0.256653318581788,1.73765933254405,2.09902456331191,2.27398787770339,2.45034334064085,2.76875872466905,603.316800639781,0.999293165664794,0
2.13989982035709,0.020136330242885,0.466891408647791,1.29924021340164,1.82353724563484,2.10570276438446,2.42914958006242,3.12117957319512,537.614674577761,1.00055951530573,0
7.77178084072664,0.0136021770703692,0.590694809547277,6.69086766043237,7.35704043946107,7.74949138837654,8.14556400741755,9.03538462494108,1885.86005302048,0.999014685521885,0
3.95986881078151,0.00777346525084144,0.27989160319304,3.3924409954177,3.77623960499812,3.95821783353055,4.13980324775101,4.52216250422652,1296.43401263402,0.999975117049537,0
2.7820038307546,0.01505818167281,0.407474073823473,2.01921205897254,2.48911883157847,2.77751866316911,3.04797793423211,3.59694435350203,732.24244184081,0.999256031504827,0
5.92597868271546,0.00918316355900121,0.374801082344882,5.2252081128198,5.67913660278165,5.91947785470737,6.17260165694264,6.67471547448388,1665.77766132478,0.999007035781744,0
8.70444877823043,0.0273396513575119,0.860376322124687,7.16541343379866,8.10031115311078,8.67449674192774,9.2769826514135,10.4217437972156,990.355130597024,0.999020752509141,0
4.27746418740704,0.0187685765944563,0.490723909318451,3.31372846648996,3.93197496095963,4.27807398331369,4.60244380447068,5.27037107658255,683.61528212856,0.999109895523156,0
3.54129219494922,0.0129108617167675,0.452085527342559,2.68030936004891,3.22623024878415,3.53369157023592,3.84372832453746,4.44590067607517,1226.11371145462,1.00078738038401,0
5.34860548165907,0.0110529156043491,0.436245546170746,4.55596665332293,5.0514037923398,5.33778639367407,5.64887476014435,6.23142557947493,1557.78782152135,0.999011854082541,0
2.68860521870274,0.0110424582806907,0.383737343642434,1.97148788446696,2.43112201413202,2.68135490006196,2.94945546702918,3.4571535993465,1207.63751417156,0.999007560411174,0
5.01306827272968,0.00912158963374062,0.367173837392075,4.36223436188194,4.74975759665239,5.00407982207174,5.26102806710427,5.74751225200889,1620.32598431007,0.999032485766647,0
3.39174069176268,0.0117944853232123,0.354130968943302,2.64346978166151,3.15306348798664,3.4028099421983,3.63426408704592,4.05716837377426,901.508501934632,0.999000889405161,0
6.20261134899218,0.0653836256623337,0.950560876378255,4.71078992956303,5.46704926111071,5.98040434981678,6.86984939586476,8.17308989106196,211.359548197645,1.00975034479339,0
4.13373235614969,0.0119751718653335,0.431708583305544,3.36254379576719,3.84523043964374,4.12145368146926,4.40273812600788,5.05469243290584,1299.62440108029,0.999061496297056,0
5.13087726142473,0.00797978876405979,0.312183463251419,4.55698544158923,4.92160468258455,5.12186776541883,5.33784808792513,5.74918236566301,1530.51291318415,0.99904582633248,0
4.23284062755773,0.0150381892496951,0.483224706966482,3.35932931906965,3.87834038129556,4.21304899261435,4.55102677739374,5.20149496726561,1032.54067969332,1.00331834790588,0
6.70589078532381,0.0175085939839993,0.585730114545199,5.67729327363312,6.29792265063516,6.65770171489951,7.08659849520858,7.94240089727608,1119.16098814981,0.999180369058993,0
3.45175622764892,0.0096832462636645,0.343035954338697,2.82591471818885,3.19825707771903,3.43767990744394,3.69258421582069,4.12820689329055,1254.98151687041,0.999453740026038,0
6.65882171310559,0.0117380251379159,0.436069751904719,5.82757896280282,6.35537252854599,6.66521017612019,6.94474507087138,7.55172061462251,1380.13590686311,0.999004021588869,0
9.12527108140474,0.0677368946721564,1.2550387107321,7.01623973706275,8.20497404135936,9.09027198613915,10.0577335799741,11.6520276424302,343.291995427653,1.00150610172507,0
8.34579209951721,0.0206334219643537,0.862744604834358,6.75220861201334,7.77573351947781,8.31735224263335,8.886414943008,10.1600928279132,1748.3242626058,0.999519502168126,0
2.07650983687853,0.00880914281797296,0.275769058443735,1.55876209997965,1.89317915822448,2.07737226389511,2.26222269267979,2.58769824011965,979.99479840767,0.999295355476042,0
6.07868916329473,0.118504773330633,2.49320998107979,2.51301314495267,4.1414419736721,5.73153571202654,7.69648812678426,11.5688878545111,442.635279639282,1.00007358324214,0
9.33490481537301,0.0438465317907835,1.04095778221089,7.47338291205426,8.60148931536045,9.28823533362601,10.0572259257928,11.4973326763415,563.632125696077,1.00465022183373,0
3.20580371733906,0.0147136625742607,0.422078997318157,2.43303259763033,2.91918813201806,3.203155569507,3.47318489493936,4.05071613162648,822.897797415373,0.999049188678606,0
13.0420238063907,0.0247912441756142,1.10249925146819,11.0097241985924,12.2713818738018,13.0070619635058,13.7902444930164,15.2420337741316,1977.69793852486,0.999004055675259,0
8.52705212127943,0.0155754523831812,0.693829656561455,7.21007093472864,8.07976876152834,8.50419094072377,8.98308314687532,9.95349601128302,1984.37788915977,0.999590706451219,0
9.43518108572689,0.0175023552041811,0.769179542519778,8.01081152055346,8.92097744096794,9.39957988866183,9.93072173833215,11.0200308866079,1931.3565781213,0.999417521255123,0
2.20803698994049,0.0106274997117836,0.265874699560864,1.68422352326619,2.0467460670472,2.21024509045019,2.38322663451998,2.70326830381009,625.881076102,0.99946752597319,0
4.41690650099659,0.0107042399922655,0.385173840496723,3.66844883753775,4.15720434053959,4.41517223278196,4.67351515894368,5.17686004872289,1294.7976206056,0.999017660758464,0
13.6369055228835,0.0273553009587075,1.24575728721513,11.2615443867729,12.7599381679309,13.5722359818766,14.4159467688175,16.0944611646742,2073.88121709243,1.00039360402435,0
2.39370609390112,0.0327350809967896,0.682774956091007,1.36577816855426,1.90281629309787,2.28237891307188,2.80025624690238,3.97990693552315,435.039134574062,1.00000601439311,0
4.88885838005795,0.0162504173661684,0.438262717649124,4.05877361503966,4.59646330823708,4.85969532169134,5.1630187785175,5.79823168637806,727.344259657003,0.999493562476919,0
2.2162230356522,0.0118099808670059,0.28681683169728,1.70685609915493,2.012790401357,2.20800844332379,2.41607020219071,2.76148518398235,589.808300429937,0.999178056695686,0
0.851193936689508,0.000189782909307616,0.00473972651793203,0.842808997166862,0.847970584909616,0.850830387459829,0.85407326512406,0.860117006740351,623.723873567194,0.999797377224177,0
0.920802392317457,0.000684999498755542,0.0131913375293199,0.896446685246799,0.911449726613418,0.920336300098968,0.929718059207639,0.947059101522691,370.849039322727,1.00361647660232,0
0.844811653272472,0.000169331950015428,0.00391044260347467,0.837487085069986,0.842214097819654,0.84457130280462,0.847280109799719,0.852899061317376,533.302982128691,1.00301017573064,0
0.884921966396138,0.000502021619030457,0.0107312203975453,0.866653386125198,0.87739220095486,0.883754942434023,0.89178211331437,0.908473972730791,456.933909878977,1.00821333129933,0
0.906776204520318,0.000461459036689846,0.0100633256006941,0.887568261626785,0.899698524762519,0.906842025036913,0.913464679881084,0.926248116356625,475.572505843954,1.00392565443064,0
0.818144741904036,0.000118857764017558,0.00376957786789188,0.810618801762587,0.815657877597887,0.818276553112076,0.820664880411702,0.825869389169468,1005.84329672118,1.0000992828528,0
0.838537837251209,0.000133179791230531,0.00429605027199186,0.830168800019467,0.835675778289947,0.838521283860719,0.841245694853736,0.847469781527549,1040.54783526186,0.999553887013957,0
0.841835551856949,0.000150593528924468,0.00376997211829378,0.834867956274771,0.839259994332268,0.841709302420738,0.844046814994504,0.84994211788345,626.705715915821,1.00336830242958,0
0.864935316129508,0.000279903990493593,0.00656854260647378,0.853125778169238,0.860416924931599,0.864605010912683,0.869326344429255,0.879252566202247,550.706068708355,0.999089924049594,0
0.844589554048167,0.000233517857521246,0.00692872297404092,0.83220023487178,0.839944057528506,0.844180915522768,0.848901981920673,0.859201091226212,880.371957162548,0.999886219123467,0
0.827581773694715,0.000139901907772951,0.00457602112464646,0.818591679038913,0.824711933470581,0.827749593511221,0.830485614963133,0.83652554779949,1069.86447693137,0.999144785324694,0
0.867620548517496,0.000302839760967325,0.0068873429432067,0.855573862955063,0.86253707938384,0.867346960955683,0.872313449992823,0.881279364063945,517.222760049032,0.999933695631337,0
0.810392012447772,0.000165037830398929,0.00490381152871323,0.801199467398135,0.807075680944306,0.810521288171085,0.81382714969587,0.819753659864615,882.877662917762,0.999041032432426,0
0.840224041987208,0.00014067244199542,0.00329570612992193,0.833957266857473,0.837922213621264,0.840050452970446,0.842292600951818,0.847102868086521,548.881895711242,1.0032833954501,0
0.870761625303072,0.000351667972199384,0.00704482723190254,0.857589462632748,0.865880905383342,0.870343969138325,0.874939386555383,0.88583779494827,401.305451488444,1.00285075705121,0
0.872556180158844,0.000386546454008049,0.00783929279079378,0.859080822124875,0.867135037279326,0.871578024518258,0.877861430915216,0.889497237547331,411.292114725688,0.999830906752074,0
0.921816422198293,0.000646932473589598,0.012625537276961,0.899922296272,0.912972169598225,0.921496608382603,0.930390598102065,0.948193848933098,380.87444438597,1.00021384668742,0
0.832545555839275,0.000122367879198065,0.00336151646864563,0.826008594796436,0.830274826848165,0.832482728671651,0.834817805323613,0.839075981554453,754.632699852293,1.00504199554695,0
0.852703685723311,0.000204988624617218,0.00479090476237281,0.844172628738893,0.849443255578067,0.852400126519263,0.855695934114496,0.862693369005809,546.230004458149,1.00234719978892,0
0.877673037257936,0.000383165900569751,0.00842134159291507,0.863360029122729,0.871696808142469,0.876729644018563,0.883137040354475,0.895942523950051,483.046414321154,1.00040125272741,0
0.843655365724477,0.000164880757661498,0.00452792709425792,0.835212366285237,0.84038024592541,0.843681803290792,0.846579559457328,0.852493175044808,754.152026031701,1.00086584580318,0
0.799129723310665,0.000222427483778007,0.00596181790491237,0.787918484662343,0.794856915746814,0.799524035526115,0.803061648717276,0.810169546769324,718.423477379429,1.00028111522333,0
0.81785473838433,0.000200304909127138,0.00543685137171921,0.80682264628778,0.814187120201652,0.817793039213497,0.821317725448196,0.828660575745228,736.735734107731,0.999327200476278,0
0.887459454023897,0.000410073158092907,0.0080122353746297,0.872685230900878,0.8821289812411,0.886791194006247,0.892499084054359,0.905127793200367,381.754981040157,1.00318842803081,0
0.810899860985343,0.000192261323355922,0.0057660050658308,0.799385928886498,0.807016247958622,0.811171293158146,0.814809112421648,0.822043325905139,899.427546934205,0.999637981136464,0
0.899710771373934,0.000455696556424671,0.00951437784455896,0.881379636779849,0.893106946926576,0.899685301258476,0.905700324695657,0.919813342105764,435.922510105561,1.0016618667585,0
0.84777198283147,0.000193881255509587,0.0048635590734338,0.838913280907802,0.844530539525217,0.847533929257017,0.850969173947017,0.858082392080025,629.269588665506,1.00376505241461,0
0.863203306729154,0.000271006944133206,0.0058290549281914,0.85286074056206,0.85898009802493,0.862783897593223,0.867297723894741,0.875144221001091,462.631774036462,1.00231211878868,0
0.845478297829458,0.000462092537979335,0.00700829772347941,0.831116200801632,0.840200210743338,0.846295902505738,0.850567740003485,0.858015243644672,230.020834777959,1.00497083249793,0
0.871671281586421,0.000301887803130633,0.0061744921043726,0.860088916234228,0.867357567864853,0.871371809816853,0.87578072802998,0.884704779058471,418.322616461782,1.00289789689606,0
0.851727688153467,0.000168601612263167,0.00438046249918901,0.84317063427823,0.848866298204205,0.851479742711903,0.854289660640623,0.861097701309072,675.019761059397,1.0027693203874,0
0.864733027207723,0.000297173390405215,0.00588060903038214,0.854287012205636,0.860676550636677,0.864446098620493,0.868502830881766,0.876638856616036,391.583852522106,1.00018240706362,0
0.820870428250136,0.000182046177989449,0.00492831068085997,0.810418126843973,0.817796622822589,0.821134886802557,0.824119094741923,0.829896977675841,732.880261297584,0.999726055729807,0
0.848382814627789,0.000192663021078575,0.00559537349203866,0.838221095413037,0.844480547604526,0.848120656454206,0.851975270915645,0.860174270367226,843.454054197846,0.999000009813904,0
0.833155189592365,0.000106000479343915,0.00423392895615298,0.825343709327437,0.830306614149198,0.833052668371583,0.836347886847449,0.841252214820309,1595.4069311748,0.99903113265063,0
0.837563025317612,0.000245295383748146,0.00489326509566157,0.828293882538245,0.834110305028497,0.837457154357042,0.841084336911654,0.846614705662553,397.941047389667,0.999123239686952,0
0.842418936741611,0.00012512381250162,0.00315214586327973,0.836558969380825,0.840343747682387,0.842323273096714,0.844403048293364,0.849193857425188,634.647647125021,1.00696949434565,0
0.877734802596718,0.00037533298092548,0.00855338848193791,0.862248909908466,0.871801706057362,0.877568281644233,0.883117461130388,0.895272421945734,519.3294353395,1.00134352939579,0
0.919811420982566,0.00075589042852114,0.0141231259236891,0.894196551392441,0.910256967476302,0.918562293969836,0.929102544296875,0.950156994041601,349.09527484549,1.00920093344182,0
0.840137088052778,0.000131145798506619,0.00386754208775658,0.832690799271031,0.837443101644222,0.840145940154674,0.842553011819434,0.847929618277062,869.683706316283,0.999330200380868,0
0.876553644935321,0.000356899353847578,0.00740988481637637,0.862251540834214,0.87138174985171,0.876542277077792,0.88139921850532,0.891454450410267,431.053713473899,1.00329756751463,0
0.819912505424344,9.94046720711557e-05,0.00308597598343349,0.813688602954966,0.817847873741896,0.819805126109416,0.821972710335019,0.826081128586673,963.765753089405,1.00020381885067,0
0.831005583890912,0.000114954447019253,0.00341830773988913,0.824655926662153,0.828773234210481,0.830840978721673,0.833252552508865,0.838020761234835,884.241234724107,0.999551893708306,0
0.824928294190369,0.000107174767007565,0.0030543964500732,0.819135754673676,0.822882618737766,0.824856493498111,0.826931826262427,0.831091893540986,812.205108060681,1.00055096919421,0
0.873848469528078,0.000375898405761023,0.00777677156884911,0.85998747099748,0.868440833143145,0.873198938864478,0.87884079844793,0.891010517748094,428.013746194102,1.00487433031306,0
0.850759658084503,0.000212900191300871,0.00492131627257657,0.842116520305767,0.84736454294318,0.850467924473894,0.853823947890706,0.861167577224985,534.331095939017,1.00561114473822,0
0.827756741879118,9.65817924254669e-05,0.00300579163588034,0.822147032544983,0.825695680108277,0.827718334084765,0.829696238456961,0.833354118208263,968.561542707382,1.00191387530142,0
0.929125813332481,0.000705209172568002,0.0138539696451489,0.90254403020922,0.919919011026914,0.928983961449085,0.939092871082311,0.95570426628881,385.933571496425,1.00031370493019,0
0.809494917997232,0.000223355381119912,0.00629710751361895,0.796886535719755,0.805079347996769,0.809750383954494,0.813742571506625,0.821188440160593,794.857683131978,0.999257712814896,0
0.881823410677628,0.00031766551295712,0.00780988725831286,0.867570911765799,0.876580203548857,0.881126571500942,0.886859618940418,0.89834823828316,604.434704217684,1.00160184426786,0
1.05391602175225,0.00190972416795374,0.0643824065950137,0.940940844173593,1.00750477043177,1.04975648213099,1.09383397462468,1.19608217525977,1136.56198111922,1.00096257525811,0
3.73898488847721,0.0292845933796502,0.601478161134773,2.89889648310122,3.29923437635909,3.63519871399101,4.0619290248246,5.17632198303703,421.853182954667,1.00037011220499,0
0.935498197027074,0.00126029747985541,0.0445918510122659,0.854126684911084,0.904274518180815,0.932242338227013,0.961541777818425,1.03196538534683,1251.8862373107,0.999018394931145,0
1.96381650665759,0.0127660946623467,0.301407115531231,1.52902018631268,1.75278387246475,1.92159129346438,2.1252804051963,2.70353978852475,557.430696480294,1.00336459392383,0
2.88908116865731,0.00992109246272567,0.291297049549934,2.44924150358297,2.67923027856864,2.85107947801429,3.05966946827229,3.54505937034045,862.091131140482,0.999580814511473,0
0.564075031089092,0.000514452252740278,0.0189973147689571,0.527850483712087,0.551240699388032,0.564241736857676,0.576194669153994,0.600912786586927,1363.62291504768,1.00057117755312,0
0.834576197631281,0.00155596016574414,0.0524912310266572,0.733647967001173,0.798549160786564,0.832090007529084,0.868087950426295,0.942119499651185,1138.08989470073,1.00018322015111,0
0.885037555501561,0.00112593747324248,0.0401334937339571,0.811143833921066,0.85663674978498,0.883029989540911,0.909456683444518,0.969088457916635,1270.53135967144,0.999136854551911,0
1.36014679417619,0.00611078230816479,0.121231834269777,1.10639976490038,1.2831365679129,1.36108083203515,1.43916666165255,1.60220346141758,393.586077211946,1.00257733934655,0
0.93513981552223,0.00329477263067908,0.10754592603796,0.745800072801486,0.86190002143594,0.930592704630328,0.999653119083703,1.16335642923204,1065.45969992266,0.999000929919164,0
0.678327998840993,0.00148055248710246,0.0495109949088366,0.590161210581189,0.643981391257048,0.677076754703982,0.709341506653765,0.782313722164437,1118.29321652631,0.999231561973776,0
1.42670332314808,0.00450825601621825,0.124757663253696,1.21593134787477,1.3417217144598,1.41477082132782,1.49982794420206,1.68737172709446,765.803455321171,1.00026173125157,0
0.485230199919569,0.000691210313995937,0.0257129749781264,0.438994998945371,0.467679606162663,0.483923652846986,0.500150429124045,0.538781506545785,1383.83475779778,0.999139424623326,0
0.858770075519008,0.000993799126168197,0.0352773904193174,0.798638972104039,0.833535045820711,0.858020285764308,0.881127965937783,0.934492024182154,1260.07293046031,0.999038062039711,0
1.50691128779519,0.003555686361115,0.106613328057922,1.33212152830392,1.43513504736038,1.49863765459148,1.56001173706186,1.74442004758563,899.033985568224,0.999109800253699,0
1.5594522112109,0.00550729775877207,0.141837118306388,1.32874605044532,1.45766464015422,1.53744927132468,1.65054907759666,1.87143742348664,663.288828560727,1.00021677788649,0
3.80015783202319,0.02408303499705,0.553048443764456,3.00010100547541,3.40283948739356,3.70020258974725,4.10630666165083,5.18427048012672,527.356029212562,0.999502223263051,0
0.742719799203932,0.00093628974980371,0.0322766359184669,0.684576605906304,0.720218549815436,0.74089489085199,0.763108498076934,0.808109350971447,1188.38179187545,1.00179173745049,0
1.08294658239386,0.0016680000760557,0.0601574436404353,0.974318922786413,1.04013586327782,1.08204689109393,1.11826457315417,1.20728685170572,1300.72837245635,0.999016719005767,0
1.71561510601546,0.0071770845515174,0.189349649016738,1.41559085760741,1.58033896754805,1.69171865463269,1.8170121816015,2.16743747452987,696.037893051767,0.999572734484897,0
0.916225624970076,0.0013951683833609,0.0575579181683908,0.815910982142735,0.873595038233364,0.914376651759064,0.954143814321044,1.03460725945534,1701.98960375477,0.999031764302249,0
0.387564291801939,0.000683655994554073,0.023045220964472,0.34586366676218,0.371080856882494,0.386588333854945,0.401745238606951,0.43265125946177,1136.28297804975,1.00128893312557,0
0.562582081138294,0.00199538864034837,0.0516416487387442,0.477770468978591,0.528155635678331,0.557599892755137,0.591251218980314,0.682741310176384,669.800099503335,0.999717197982445,0
2.03908417405594,0.00458486538948477,0.146023334042924,1.80446867070914,1.93388704350478,2.01871208061149,2.12497641687272,2.37324198885963,1014.35819322169,0.999061438353722,0
0.490736797206167,0.00137381717015138,0.0483307529700711,0.405045236907342,0.458497529666076,0.487189391591836,0.521708431675081,0.592922209512072,1237.62548210434,0.99982192565844,0
2.54500884629426,0.00788408652235174,0.244922530869804,2.15636956749172,2.37699205671431,2.51161284326804,2.68318884630725,3.13865218245385,965.060885099519,0.99928087073218,0
0.988937486279864,0.00174534750424279,0.0649546582002638,0.875619777249355,0.944432752232232,0.985087188267036,1.0321648535525,1.12722879660674,1385.02236062331,0.999310539305559,0
1.31470114571326,0.00304477837925619,0.0938450628884759,1.15797355424534,1.24848330919588,1.30330580608109,1.36571981700909,1.53659743884885,949.97348830645,0.999073473272839,0
0.956939820690862,0.00853694456888925,0.119571989655394,0.718922215228132,0.860282676334356,0.980287332989366,1.04939566173582,1.15658367183016,196.179665062085,1.01050472493466,0
1.53263887460078,0.00238034412237038,0.0869746037725937,1.38304702762238,1.46875479595418,1.52650026034324,1.58510520736375,1.71796162248083,1335.07426411249,0.99900977219084,0
1.06568885780192,0.00142555351103635,0.0619363649683215,0.951081176993748,1.02424645863914,1.06280926506693,1.1032742293417,1.19487276463708,1887.66262957321,0.9991521015474,0
1.35133706090868,0.00276346903138561,0.0882507359921353,1.2026063020813,1.2880277466651,1.34179155333729,1.41067756210176,1.53882450557647,1019.82925928841,1.0007858223225,0
0.596433765852005,0.00156049478408683,0.0434250626336998,0.505959686191348,0.569075442197427,0.599285978248367,0.625527175495434,0.67732752234176,774.383809364981,0.999103224835195,0
1.00207800165093,0.00290631049914192,0.0849844713748838,0.852337466015529,0.942501255355612,0.99552406322107,1.05603547324046,1.18793224186332,855.057130578685,1.00234947404092,0
0.752769046075411,0.00137435864773237,0.0558648754311466,0.649978426328292,0.71258066724372,0.749725125045887,0.792337388767973,0.86874108080727,1652.25665763121,1.00098360075873,0
0.820353096438489,0.00436017338590559,0.0728470329583113,0.697638423243041,0.760424876043159,0.813223582085403,0.878738740358909,0.948286912891256,279.136234816034,1.0023348551231,0
0.894690141833988,0.00074411527573128,0.0309690031470677,0.839188598575185,0.874667831815481,0.893228558274623,0.91416519330564,0.961107040207387,1732.10418938484,0.999776580254996,0
1.71694846509981,0.00694650195028743,0.195004981756403,1.41581289692341,1.581808815876,1.68611565490136,1.82530459075886,2.15609001479305,788.059645050806,0.999057920991,0
3.67913812482735,0.0281167693289501,0.642514799208636,2.7513557212519,3.2236982493909,3.56627728712498,4.00252115851331,5.26818078860049,522.198277312833,1.00709764650681,0
0.85939706945784,0.0025700894024742,0.0544453405145686,0.761902451373099,0.819950118722136,0.858008234281948,0.897341640367191,0.968478910823487,448.771196673374,1.00695775385995,0
1.67703403096622,0.00513876986844932,0.141063499678792,1.44930345745425,1.5807042607584,1.65652391859372,1.76209836102057,1.99920708754939,753.548084899105,0.999295929764334,0
0.583314972996228,0.000384009220943566,0.013910808120809,0.558905341172863,0.573710303321299,0.582496638547652,0.592072796178052,0.612748147472419,1312.26460380233,0.999783547599411,0
0.721619903848882,0.000869553949941736,0.0313349693266815,0.665403122226214,0.700863197634828,0.718770399230238,0.740465814261908,0.790580401531683,1298.57035273281,1.00038274240448,0
0.642491384530868,0.000675593628946527,0.0222583217122654,0.603082603657867,0.626892864887497,0.640966673271169,0.65753809552368,0.689744676179269,1085.45978921628,0.999001743373081,0
1.59947865674023,0.00719595948597549,0.166960123740877,1.34103423170784,1.48328022515944,1.58407566656649,1.68572253269607,1.96058973071495,538.3293975049,0.999528719012234,0
1.04555798641424,0.00190174554880323,0.0680823640322629,0.926797822648449,0.996777505305138,1.04026636072449,1.09069923221659,1.19122943245608,1281.63523300165,1.000252050803,0
0.678246945288038,0.000522692693872734,0.0180150683503853,0.644353307802385,0.666299541318175,0.677281274237764,0.689083410378463,0.71679432217985,1187.89750222036,0.999851755332047,0
4.35342107941429,0.0330660848702326,0.747237963180959,3.1803135003746,3.80956774844354,4.25184524745992,4.81103469381134,6.04759252805774,510.684061541249,0.999305762312334,0
0.477275584726017,0.0022601972337362,0.0568427466866038,0.37925182595582,0.436522092640096,0.47273684901501,0.512914485255934,0.600815899398341,632.49548883348,0.999141704554662,0
1.84699399572008,0.00618807867810175,0.171725660301159,1.54929664169178,1.72930650397419,1.83105081784898,1.9492514102143,2.19571956706668,770.120592244939,0.999274251391503,0
-13208.8048689242,0.722854237935851,10.6963590021231,-13229.3885162307,-13216.2218932882,-13208.2681728752,-13201.2970948335,-13188.5473036924,218.962870780448,1.00732780725108,0
