4.8488531669695e-06,1.98500342931014e-06,1.00821651604262e-05,6.69535098729785e-08,4.88243120107553e-07,1.34814447900266e-06,4.56057704897466e-06,2.97860390974029e-05,25.7979437974435,1.15635718459955,19
4.76963666239838,2.17247879138389,3.75206441687006,0.13588587400849,0.713479496058702,5.28125549514786,8.48563812813873,9.78638626342483,2.98283672164024,2.72189994417998,19
3.35770974971804,0.0115606388379307,0.353322581110787,2.62927667659463,3.11296556929649,3.35312576507933,3.59496038783436,4.06116962905038,934.069349324686,1.01581133585142,19
0.552054716083344,0.000184533161124676,0.00549803888075792,0.542494744751298,0.548194152027698,0.551831700313331,0.555496711742722,0.564125727448602,887.70112567545,1.01353639405799,19
7.26552094535108,0.613829699485064,4.5554401961125,0.233545026174815,3.06435516439575,7.04487710824429,11.3177812272988,14.6139042503867,55.0763186883992,0.999929105625721,19
1.08510914046768e-05,2.86644967831222e-06,3.00846888574181e-05,6.14867612733135e-11,6.19231231236161e-08,7.85542586784964e-07,5.38260815931097e-06,0.000106252174138316,110.154540865093,1.06679411971977,19
0.000140044609518106,3.36954419495799e-05,0.000773584544490724,1.68636505723461e-10,1.01197954008013e-07,1.53423423989497e-06,1.59695694233951e-05,0.00120161916548662,527.07601626936,1.02306933897058,19
9.62865261726726e-06,1.50662386437725e-06,3.34669111401871e-05,6.77226301697208e-11,2.8078258359886e-08,4.76705259335778e-07,4.64221588429736e-06,7.51946601065908e-05,493.425485091381,1.03608174876555,19
3.30782958557484e-05,6.46023650440371e-06,0.000125874417893729,4.62428863770463e-11,6.21224888720129e-08,8.43930644184507e-07,1.04248489382662e-05,0.000301778262187784,379.645376655329,1.04342499252797,19
8.09872958258105e-05,1.52509319087223e-05,0.000378532793966694,9.29283520669171e-11,1.06938610692913e-07,1.51304922875601e-06,1.52437287038017e-05,0.000814837585769949,616.04758084277,1.03017874745064,19
1.7823269805691e-05,4.53950594278727e-06,6.73616453281543e-05,3.93873830209289e-11,3.84023544323902e-08,5.43922962835662e-07,5.42690728366571e-06,0.000167403417462126,220.195376036832,1.04988791133999,19
1.99079950803554e-05,5.05401690019849e-06,9.32166853189114e-05,1.204001197795e-11,6.0679009205644e-08,8.02607786432482e-07,5.01660477020954e-06,0.000181208406406057,340.184038073762,1.02976777256389,19
1.42006594176654e-05,2.72742072666567e-06,5.98414466125602e-05,4.35338159235505e-11,4.9323956209645e-08,6.13048138114256e-07,4.31171439667055e-06,0.000121631481978936,481.393136766843,1.03516030316615,19
0.000177677494862443,5.11461923385895e-05,0.000540283853789156,1.12566607484344e-10,6.41445962274245e-08,1.3875354563566e-06,3.42022230144087e-05,0.00197821394203131,111.587966396316,1.05800430018876,19
1.45064031186172e-05,2.27628414894518e-06,4.9124254351572e-05,3.06924005249907e-11,8.89401977095354e-08,7.25028584918578e-07,5.48446278480184e-06,0.000136666762790722,465.735126520501,1.04259430712253,19
9.68467212819998e-06,2.43078872015867e-06,3.57351278081778e-05,1.3993637577672e-11,4.65800880477575e-08,6.63102544601524e-07,3.80071543428591e-06,9.17355983473144e-05,216.120644836568,1.04126164060973,19
2.42485399808775e-05,3.90708250163881e-06,9.49035896699573e-05,2.45790792535218e-11,4.87523355057767e-08,8.34588571800928e-07,7.74497737652655e-06,0.000222148368895157,590.011009563656,1.03741714690364,19
6.21953519323688e-06,1.02288706666212e-06,2.47215641043999e-05,2.71499051119907e-11,6.63087898301851e-08,5.24802823610359e-07,3.02204265208495e-06,4.75408382076551e-05,584.112518904731,1.02877099945276,19
6.18575548449999e-06,1.43735118689536e-06,2.01121450752502e-05,7.79762838886561e-11,3.67042312363018e-08,4.73770057165925e-07,3.75905383550212e-06,4.87148058084806e-05,195.790223546924,1.0446181651025,19
2.46885903337887e-05,3.36987424096077e-06,9.68884411685073e-05,1.24825971581389e-11,7.16705094438665e-08,1.02053151740343e-06,9.7536016826315e-06,0.000234947951348706,826.640253276172,1.02731667601479,19
0.075197609830405,0.0515775884862088,0.0860402974842537,1.12207869375055e-09,3.27881912706024e-07,1.05652443622498e-05,0.168905089186682,0.200696966397703,2.782798374263,2.73463029446757,19
0.00082948550503186,0.000277366038799192,0.00268751219214749,8.49266851440065e-11,9.9451565031429e-08,1.81684696225984e-06,3.72442378131485e-05,0.0106859219714031,93.8845908413665,1.09112493477077,19
6.35318821230349e-06,1.23380841530277e-06,2.19204961196134e-05,3.97529225936146e-11,3.25900682779219e-08,3.96051651351721e-07,2.56546102256775e-06,6.2522166899969e-05,315.649642812615,1.04378952316953,19
1.58587252395077e-05,2.69631090841164e-06,6.36956813571291e-05,2.29990789227964e-11,3.72395831123707e-08,7.32777844295896e-07,5.70545914809423e-06,0.000130090866297486,558.058898876281,1.03318442796918,19
4.78727815282215e-05,1.02743036949064e-05,0.000208365145373952,6.85537406945201e-11,8.96387717418939e-08,1.11950848428046e-06,9.5250782908178e-06,0.000471212564202007,411.28734730775,1.03889416208125,19
0.00183574654142051,0.000176700354479579,0.000583800720165778,0.000987608268589434,0.00143813521644446,0.001730540538674,0.00210879710251965,0.00329282156019095,10.9157708787506,1.29046441454851,19
3.24745929541559e-06,4.32884149177856e-07,1.22915860144135e-05,3.32253477493467e-11,2.52307785677312e-08,2.35124973716707e-07,1.60411987828074e-06,3.11870206227789e-05,806.255113280231,1.03320517662228,19
1.55436778064543e-05,4.0355670921483e-06,7.57414477922181e-05,7.25653414754462e-11,4.1371202896692e-08,5.41155424356997e-07,4.7972226328469e-06,0.000130209836505182,352.255725562846,1.02934069468321,19
5.14379103444755e-05,1.29034995682103e-05,0.000227543754875645,2.06726843568331e-10,1.49908309462432e-07,1.36923416577877e-06,1.25486882396476e-05,0.000459143887879838,310.967367858961,1.03386483155749,19
1.37405495630053e-05,2.98332412825929e-06,5.98460539108859e-05,4.58343422052816e-12,3.41538353106526e-08,4.84032007175417e-07,3.31206917174482e-06,0.000145754061110102,402.411290970405,1.03890077747995,19
4.53368163099633e-05,1.10146169669364e-05,0.000256584859006824,1.39438533773301e-11,4.64466821693609e-08,8.47109342237978e-07,9.94470095739223e-06,0.000347751188890493,542.654304213694,1.02134438717497,19
2.30017382583102e-05,3.5663075214989e-06,7.61155827737372e-05,6.2636419334194e-11,6.65173506092171e-08,8.68035838469051e-07,1.03502756596628e-05,0.000214418947964637,455.522228759339,1.02617183141405,19
1.69354706044004e-05,3.15238000107033e-06,6.84743242882202e-05,1.13630733129273e-10,6.76752128842298e-08,6.97262017059641e-07,6.17560124483863e-06,0.000170629037783928,471.822213020171,1.03384404184194,19
2.43040023920635e-05,5.46124331247527e-06,0.000117455048396235,3.23901284069403e-11,5.89920833825849e-08,8.76994998079771e-07,8.42335017881232e-06,0.000205367950902581,462.551745848234,1.0255318205107,19
1.52557046919723e-05,3.13623727129006e-06,5.23771159133293e-05,3.99068199352613e-11,6.92108125002718e-08,8.88832391865271e-07,6.63025933175741e-06,0.000136739161366065,278.910804402269,1.04127189474911,19
2.08191984192287e-05,3.92254950482092e-06,7.84492153630359e-05,1.02557925784321e-11,5.96042129526162e-08,9.9094072975182e-07,6.44454599666107e-06,0.000181766878088359,399.981902450882,1.02731954784816,19
8.6586684607377e-05,1.55804825234104e-05,0.00033117978747241,1.0029928477077e-10,9.99610271308854e-08,1.70604441868663e-06,2.34683523733852e-05,0.000897269888829528,451.820403578795,1.04815297561542,19
1.55138697518667e-05,3.8719223802576e-06,6.20726973512543e-05,3.09706598828608e-11,4.50048902381516e-08,6.31912899684408e-07,5.05890727547232e-06,0.000155995587903423,257.00877456304,1.03689100259235,19
1.37013001435613e-05,2.39000792249809e-06,5.02319988143413e-05,1.3870590606961e-11,3.69155336128127e-08,5.56007159752695e-07,5.13157629035993e-06,0.000157956989048764,441.735434697949,1.04158444349656,19
2.21146869480886e-05,3.61093091204633e-06,7.50518057589365e-05,5.34881335027292e-11,4.31222599961016e-08,7.39773525473799e-07,9.06738410760858e-06,0.000216794745343745,432.000185706817,1.03336588699136,19
3.86223947268324e-05,9.05863995917383e-06,0.00016233620149856,5.70015570121980e-11,5.35650313732957e-08,7.91951065980762e-07,6.01103921549259e-06,0.000447925680236548,321.147660026386,1.04659547339258,19
0.000109808462096325,2.85488385001844e-05,0.000281694047971638,2.54151751572983e-11,7.85636738759857e-08,1.53903832556107e-06,4.16689032784488e-05,0.00106979118633912,97.3595266542881,1.10508757479678,19
3.32031842655879e-05,6.92988801921043e-06,0.000141213627299908,4.71178011860753e-12,3.93659919868679e-08,8.12080562820292e-07,8.09626032367747e-06,0.000319145493459892,415.241531104972,1.03893111529832,19
0.000826953629976276,0.00018845440698362,0.0035920615893042,9.34806287645922e-11,1.03622475260355e-07,1.84377219648231e-06,2.3942765358751e-05,0.0120022550453901,363.307993442253,1.04922685078617,19
3.44456248132312e-05,7.34433927399947e-06,0.000183554154012058,9.8964818136097e-11,7.96390156813681e-08,1.00597506241574e-06,7.21345748505723e-06,0.000293870252611206,624.630192734967,1.02436880872762,19
6.73652565977524e-05,1.36909538930814e-05,0.000271033289688098,5.12101316449052e-11,1.18766574387445e-07,1.16948714670714e-06,1.4757431267469e-05,0.000696700563636035,391.902340390727,1.0422705017888,19
4.77501817264191e-05,1.68511140866876e-05,0.000152335773022359,1.37679636240372e-10,1.00490756858596e-07,1.33700559457696e-06,1.34461643075237e-05,0.000528014561172028,81.72342578568,1.08064670750001,19
9.52836693264015e-06,1.98467935939886e-06,3.26647332345617e-05,5.57592052756315e-11,6.4234813001926e-08,6.7108268224567e-07,5.32214013988277e-06,7.66250091329098e-05,270.880364636612,1.03849503509311,19
5.98821267985596e-06,1.15239911627556e-06,2.24420726646367e-05,2.31328359976285e-11,2.88960744594805e-08,3.32831945096033e-07,2.76397080227921e-06,4.590102966815e-05,379.245202242339,1.03147993934825,19
9.15621356403171e-06,1.63899888062466e-06,3.48740615071865e-05,4.84284269862586e-11,5.34286159699186e-08,7.15615207832965e-07,5.06121749292953e-06,7.59600805346798e-05,452.738830261403,1.03178158256175,19
1.79568723302757e-05,4.42142274662619e-06,6.14069556358089e-05,1.4079348187927e-11,4.53433435259825e-08,7.2709148484959e-07,7.45779773760032e-06,0.000173939046848379,192.890594456295,1.0422006897392,19
7.65236341531244e-06,1.57797336330672e-06,2.64687426528799e-05,1.04945291854499e-10,3.60876105643052e-08,4.20518399180942e-07,3.61515353430792e-06,7.08228539032144e-05,281.363195111256,1.04838238199086,19
0.00310144211475076,0.00150396438192168,0.00621745530009943,1.90636606439976e-10,1.57868975424534e-07,3.91644357330775e-06,0.00148526171009848,0.020369942824061,17.090321832433,1.24965589333275,19
1.87345152025338e-05,4.75651413019949e-06,6.90870734530892e-05,1.25747810981997e-10,4.23324304590848e-08,7.69688625780017e-07,6.53647131936483e-06,0.000176902089386211,210.967720321305,1.0393955793383,19
1.1838308470256e-05,2.13897520139395e-06,3.92445884376597e-05,6.56649258574848e-11,4.97707930775699e-08,6.55144783429207e-07,5.24705480341098e-06,0.000113328515519818,336.62631181363,1.03809948744647,19
4.85060294768709,2.05577080733568,3.71471341575313,0.0168332058961562,0.858312009454219,5.38448203087522,8.53582297030032,9.84946059127854,3.26513572900118,2.33215403941337,19
4.9005769777273,2.02025425183653,3.69854139612105,0.0149082371608364,0.901064603931876,5.39229555823289,8.61769032104235,9.94682912088193,3.35157474273749,2.28288803213814,19
4.81179839049521,2.04551560393967,3.68410486548232,0.0264449706508597,0.84736765538598,5.30229617808611,8.42383160919079,9.83887687726659,3.24383214806898,2.38152334506549,19
4.87998420148775,2.06967999125863,3.74643723191964,0.0225691762226732,0.80686868451056,5.51209109458991,8.54595214838855,9.90534107020471,3.27665351030739,2.3652399537412,19
4.86025361091476,2.03754246858988,3.68905381553211,0.0216028550975266,0.843593436974237,5.50311336378986,8.56199948110728,9.8260600976824,3.2780580674024,2.32565277971388,19
4.87055320817531,2.05610545749169,3.74450342760287,0.0136430247282332,0.782031301734573,5.34402997666664,8.6723557233062,9.89396776058562,3.31663510537583,2.33824892349466,19
4.8570257870968,2.07464896923679,3.73401123536082,0.0160197405584164,0.802407781403408,5.39091396723705,8.4981296548933,9.91648390811595,3.23938070874924,2.39920711535694,19
4.81561771330474,2.07306171979484,3.73719111794616,0.0266032322331983,0.768879566675979,5.2677727429238,8.63904420118089,9.83265937706962,3.24987121750612,2.39257539994732,19
4.995213236863,1.95044263968096,3.6503119237442,0.0223989381541996,1.01469080555666,5.75352324830883,8.52939466996551,9.83848944916409,3.50262456067057,2.18849885962508,19
4.84031038110675,2.03925729360272,3.68304337241503,0.0204408233012143,0.832696373086958,5.44650130606784,8.53355408734963,9.84315022811373,3.26189230276171,2.34274123037478,19
4.80767942252191,2.06726868671287,3.72841623219065,0.0203138582476885,0.739080873509659,5.44687739576587,8.48897995892212,9.80238165618151,3.25278177087193,2.37773648845237,19
4.87004507399186,2.05956083176492,3.71293255435115,0.0266486131801474,0.814948149268916,5.45765588087633,8.53671553892725,9.89460585867421,3.25001131338319,2.40144424493027,19
4.83672877089268,2.09723722670891,3.76392658473311,0.0207470168209096,0.708471197728345,5.23709001003156,8.56884336312147,9.84871370748611,3.22097364936771,2.45104573333323,19
4.867043005449,2.05690319283773,3.73074039839063,0.0221035493039851,0.770482034493274,5.5021060984595,8.65345670702734,9.82040173522527,3.28974590691944,2.33755339128393,19
4.8986975094355,2.03079930878514,3.69660003925298,0.0195613994284254,0.866303635370697,5.60014805833795,8.66665387149775,9.81640326294921,3.31337746165867,2.32420282550136,19
4.33673799853954,2.41665563661038,4.13374695086006,0.00214661192375859,0.0312357298659042,4.99614272703056,8.63002961574695,9.8274902013652,2.92589162511476,2.81726234011141,19
4.85130299500731,2.04098767206218,3.70182120351696,0.0220265648247082,0.761327035331846,5.34956575763055,8.5141844928926,9.80674471498038,3.28965318428077,2.33600957591857,19
4.833736544624,2.06139313312125,3.71737665693907,0.0306267972497159,0.796363395531786,5.37765248678279,8.47300747286549,9.86322380471692,3.25200709900527,2.39534239086453,19
4.88129469514684,2.05079434601061,3.71944587834552,0.0249283091273701,0.778507358660312,5.4599070030539,8.5938965359039,9.95664347091697,3.28936649524607,2.33304664367083,19
4.86370464687289,2.07464002464225,3.74466299296773,0.0176418636484608,0.796370820656685,5.48474193153164,8.59847713933491,9.90094615445882,3.25791667947884,2.345475076171,19
7.5435329439011,0.617386274352823,1.68843627215164,3.99084017552653,6.36772683726188,7.81737338577352,9.0091927155721,9.83148768441674,7.47920447523739,1.41452265638363,19
4.83661910050533,2.07104623335626,3.72647582225555,0.0276115039508298,0.704895541721582,5.55184446175291,8.48247780563677,9.94042588252145,3.23755404995919,2.37718972777886,19
4.79866664849173,2.08090181618085,3.74545592419634,0.0171141199774923,0.673292462929989,5.38112364480367,8.4844103921162,9.80662692767426,3.23971049653444,2.41793813097937,19
4.83284228021051,2.04256764762906,3.73095328970699,0.038529599453609,0.823404070253701,5.04262461595763,8.57879282596955,9.83255061376705,3.33646617307806,2.32302283285189,19
4.84971434222691,2.07114909085112,3.77000386653772,0.012535407264524,0.708551615470766,5.21337572736862,8.64633738411899,9.83479788386497,3.31330080620572,2.37667651788756,19
4.85569515326147,2.06038723480332,3.73412478918972,0.0196160436034897,0.702252900434224,5.51429736111398,8.59044210633633,9.83069452285948,3.28458082858652,2.33169045191783,19
4.88207244139307,2.02592345292503,3.68631152464709,0.0287030876198335,0.825002228801081,5.40599968305652,8.50684655488468,9.84259343386353,3.31083855485668,2.37644826802611,19
4.86087781780459,2.03847541330285,3.74854089841143,0.014622895687405,0.725224908152252,5.57892747021739,8.55319933093316,9.9584555805009,3.38153239126583,2.28286402253211,19
4.86883934580564,2.06812812283974,3.7471427677376,0.0261403211853543,0.760230331145056,5.50623574340657,8.62059605953329,9.82978808249999,3.2828088826031,2.36690229696092,19
4.85711066958368,2.09065592847466,3.7527850467623,0.0320549732230877,0.7476281786065,5.40883912689158,8.53693506437683,9.88340857432465,3.2221240041339,2.40604551727172,19
4.89604912414101,2.05149036378065,3.70443427678409,0.0236858767216951,0.810468515885232,5.35118554508045,8.64606575984143,9.82952244852906,3.26065481617064,2.3473003554471,19
4.86273925802212,2.03407229860868,3.70198284055971,0.0174466989183725,0.839238015098823,5.16622481012191,8.56931662884787,9.92178002325682,3.31234856437534,2.327744392759,19
4.82505267814713,2.06459348769901,3.74831255850973,0.0145215031946834,0.767214808562317,5.28902401607037,8.63111169668852,9.83830313758691,3.29611601801975,2.38191519333057,19
4.85972471649667,1.99652646598627,3.71599712021846,0.0173082325307281,0.840764155783666,5.32929757640668,8.57618131680972,9.87700782259478,3.46418115121024,2.21516778634309,19
4.95616277392782,2.08388966466611,3.72586103895874,0.025361265659748,0.892026605598081,5.53239288565714,8.69098745548994,9.81293975675792,3.19671460381427,2.47178990876151,19
4.81042768626837,2.08022380493902,3.75004848202014,0.015607404413415,0.696667737104498,5.24847865544361,8.59379258170873,9.8224728029544,3.24977760239634,2.36125503611928,19
4.82735205169148,2.0315613617825,3.70220424004983,0.0295359460263319,0.833124584214296,5.17097853296898,8.55829406081298,9.87442488520677,3.32093869805718,2.33841006750751,19
4.83944485744976,2.06893367419401,3.75636916931713,0.0342202185113517,0.717969350767742,5.35748164342407,8.63664002376022,9.81610063813655,3.29642651069277,2.31057106346505,19
4.80847105227093,2.08012211295048,3.7208835341294,0.0388460668876703,0.763963128296365,5.28686044490641,8.57950545638806,9.86760270797278,3.19973853366946,2.42304643070923,19
4.79360311437723,2.0488547172803,3.73258986008786,0.0155891732525498,0.735259903837526,5.04674009520707,8.52303164242835,9.86579746875426,3.31893094080266,2.3351079826832,19
4.89240947339265,2.07181268395915,3.7501073306182,0.0170505523000565,0.781409017321471,5.51177150957828,8.63049864270615,9.93020277884651,3.27632080987946,2.35051450536811,19
4.86068706174804,2.04809525089027,3.73557441067561,0.0163199695909621,0.682736050671322,5.32689396717315,8.65640329864295,9.84565448640571,3.32670646686871,2.34581839700007,19
4.85601913928257,2.08472051732677,3.75696631619292,0.0251690726595927,0.766585947663318,5.37930579443693,8.66261067831258,9.90961367470021,3.24772255450854,2.39320602516065,19
4.78929095046672,2.07662837443809,3.73909649610212,0.0314249319208758,0.794394409071444,5.25625351976711,8.62613482547075,9.8441800531473,3.2420206666275,2.36428994853214,19
4.84685404251116,2.05637276700396,3.72187129171406,0.015204368417726,0.763774357410672,5.4083201444456,8.57942384242159,9.88729945720998,3.27581233086653,2.38554092964963,19
4.87776966691812,2.05689494011408,3.74639954459489,0.0169874600416477,0.822624178662345,5.34236592338309,8.63391586452895,9.91396109010235,3.3174467789371,2.35341266891547,19
4.77007865445905,2.06592158125943,3.72189981423728,0.0220140318132456,0.826873846012611,4.85813345271151,8.52841190917874,9.81214192456277,3.24565005426702,2.35534004387411,19
4.81784325192897,2.07831059888333,3.72693329719487,0.0210461809945814,0.843207014844705,5.26922893953192,8.506468215012,9.83792912809368,3.21575042158202,2.39674923735247,19
4.9172258450638,2.03866731683716,3.71643722646905,0.0166658733882724,0.826254793095692,5.51206537710287,8.59486218287959,9.88058347682235,3.32323369180851,2.34763324181927,19
4.78231023546808,2.07092948825276,3.74441064872913,0.0246616669808965,0.676930604061203,5.02860104808226,8.59291531875752,9.96200764601645,3.26916107356497,2.39955775360866,19
4.41141665778294,0.0263694478603101,0.464301170105846,3.42654783684711,4.11861045000538,4.4335479995426,4.70812721474979,5.28141291109065,310.025547819807,1.00177931893838,19
2.07154213912721,0.0262994116491593,0.596693656160547,1.12379731953538,1.64863718555144,1.99650627359503,2.46500685179382,3.37608942606678,514.767091836092,1.00136389184266,19
5.65521956301536,0.0163266751764125,0.508172757814919,4.67367057446815,5.3347961859152,5.6647431246242,6.01944916923103,6.59615589719459,968.784662103621,0.999037208334337,19
1.2251810477611,0.0118089333512581,0.288994959625204,0.692438297273621,1.00507093439177,1.22107409694182,1.42273741209107,1.79834064445617,598.906730323274,1.00296662832001,19
2.14614344292754,0.0111550526957073,0.352785975538746,1.48343036697845,1.89102131047419,2.13480399770736,2.36704770403358,2.88948790217235,1000.1827770012,1.00272338031101,19
11.1583186715602,0.0298003785775952,0.900251450594193,9.46369824473511,10.5024160331068,11.1779195867979,11.7247418623863,13.0111295094478,912.607633434394,1.00096601893883,19
2.48683713255285,0.0133412246793699,0.346531876818779,1.80134205461915,2.25984911572592,2.49733647100485,2.7077588030876,3.15619603504083,674.675570700867,0.999346178535879,19
4.85950105395322,0.0149975420550397,0.472465730548631,3.91661221013633,4.53736050735578,4.84899294382252,5.16690311167294,5.76321356604874,992.431292408413,0.999631578235935,19
2.91076903539527,0.026915877334834,0.568995849250107,1.94077684875442,2.53143989737714,2.85824185398933,3.24629316854712,4.25281614126492,446.890493047016,1.00953497048022,19
2.26755469802333,0.015035190917999,0.432797045648308,1.43387880269765,1.99332561978983,2.24830586830372,2.55083957240753,3.16548995765262,828.610973974842,1.00244307470275,19
4.19935526083036,0.027698632935485,0.468226891643115,3.30807729403523,3.8909411960148,4.21902993730745,4.50353608269116,5.0879358380131,285.756445926671,1.00890034819179,19
2.69233713535517,0.020939733084948,0.412730330426767,1.91181459390981,2.3941664304995,2.69424724032278,2.9625494723953,3.51466275824212,388.499520690115,1.01269055383574,19
7.86804075328424,0.0223429816222853,0.624288847275597,6.71988792501373,7.41907848963705,7.87655020450925,8.32840479603601,9.01559904953064,780.708479396735,1.0041874287368,19
6.7164291303741,0.018163958932778,0.565973957912306,5.63897981210218,6.32313543305578,6.70862056834956,7.10483552339227,7.87616018525484,970.894127782937,0.999044075408599,19
1.38707708176743,0.0230306866622688,0.332826548918207,0.803786623577552,1.16081802437501,1.35033989146312,1.58758308718834,2.23822670945953,208.844070961466,0.999909565742546,19
2.0604574123321,0.525870329581471,0.908896621841256,0.85339847159325,1.25464141349711,1.63925343740343,2.9865268223348,3.51651430517614,2.9872505009667,2.43623949342177,19
1.49678531558747,0.0269614628779657,0.428748402194719,0.863721963863904,1.19384010095486,1.43234757153588,1.73324131050663,2.54922432279728,252.882120274071,1.01806991866958,19
6.7452880076983,0.0194265776283339,0.587229426237178,5.60587101225894,6.33506120459147,6.75180612603055,7.10959363916505,7.96642099552321,913.740814977723,1.00156343306148,19
2.28826309547598,0.00897731905500624,0.329540485910543,1.6487055200384,2.06909544929387,2.27115234850931,2.49882412802996,2.98293319742873,1347.48591659916,0.999228274178954,19
2.39277380092891,0.0119675118908021,0.395002733915999,1.57146305541058,2.12633806449817,2.3938955042223,2.64718902085888,3.21934097243992,1089.41278491071,0.999765950093497,19
0.605926926312937,0.00677457389091022,0.152308018411174,0.357357772093821,0.495766185632601,0.591671607576784,0.696210425383324,0.934498383709621,505.453918315087,1.0046724993782,19
11.6322828964744,0.0299127289156056,0.836655236762897,10.0767583719917,11.0517322378662,11.6103425770364,12.2028053798449,13.3172206222692,782.313810428573,0.999757280902648,19
4.52865323150114,0.0149272377810745,0.51509573059384,3.5632921140897,4.19600263856735,4.50064897614279,4.88643441969119,5.59917089342124,1190.74015272203,0.999472934805347,19
3.31071531281322,0.0148932752927187,0.455678774288812,2.40555851542573,3.01941544434047,3.28517910717929,3.60696869789646,4.26417130144096,936.132158024915,1.00336847997217,19
2.80478806481452,0.0181388141662348,0.396277101383659,2.03140200106025,2.52586502865442,2.79453351505866,3.06545695195872,3.62017624142742,477.287622975822,1.00198267442421,19
2.45388254711307,0.0171748448089246,0.435644429251087,1.55827711822624,2.18944584039933,2.4728588771564,2.7471197489253,3.29392003151527,643.396489341165,0.999003053901151,19
1.11901488324291,0.0109528218450818,0.285298432191546,0.61566753262914,0.917158623252585,1.10462213912504,1.29569087791855,1.70277459222098,678.495111369564,1.00362907546841,19
2.80402549709465,0.0107485635289448,0.339082879945159,2.09915271281852,2.59205145700543,2.8016310048679,3.02214409674172,3.49464652774542,995.201153816034,0.999589251130511,19
2.8508777842663,0.0137422462041998,0.420879219635769,2.01521497400005,2.57312640183368,2.84716410784252,3.13935737887018,3.66241113627204,937.99282650386,1.00020467555451,19
4.02932963838459,0.0169038569968954,0.454381656378909,3.20883508903747,3.71974557119454,3.99534525007879,4.3046579639397,4.99568433115784,722.553419515525,0.999004229139825,19
0.821071680532508,0.00769413397879088,0.204401106294294,0.459642256467227,0.674820631265892,0.810520932121111,0.958436715809498,1.2270635552388,705.743675882261,1.0010962454199,19
4.21413890113438,0.0139923365091794,0.489577201325314,3.30325253568513,3.86595850382732,4.18787293042949,4.54061302816263,5.19222915159571,1224.22681625981,0.999150830016733,19
5.76085788906834,0.0266640599003624,0.535042778470128,4.79078332386854,5.39569566750861,5.75914280067919,6.12392599186099,6.85469595918885,402.646993701269,1.00079504902953,19
2.69330724639539,0.0143247654261552,0.388129162206874,1.9567266166869,2.43406028727343,2.67739504124206,2.96389097500179,3.45205722337425,734.137674428271,0.999539353140614,19
0.964733794916364,0.0167792726761463,0.252626909427641,0.518761825061427,0.791278860623246,0.94892562391674,1.11976146853467,1.59851443226824,226.679869876703,1.00153803622734,19
5.73880988003476,0.0181133649017953,0.610888978356572,4.63032730663893,5.34344103424586,5.69838673714279,6.14839743602756,7.02930834845433,1137.43426411987,1.00065055515191,19
8.64873691819021,0.0288470405680937,0.923426268449545,6.98268237270612,8.05119666464595,8.62253814899322,9.2747485079574,10.580249120352,1024.71222795222,1.00063285587933,19
1.99717398780035,0.00946996944744439,0.294916623630706,1.44057775877392,1.79540836674851,1.99249735904813,2.18667619291925,2.58848009786291,969.842810535036,1.00445417658984,19
2.16554358644412,0.0326761145334653,0.739638029082924,1.09804678639186,1.65031162395339,2.04941002844325,2.56684480777981,3.8983120413556,512.362865696385,1.0192179858575,19
3.22101401977717,0.0144072009923681,0.451119675602477,2.37133384595293,2.91187764963197,3.20410661342856,3.5226875882672,4.10341984426119,980.447421279986,1.0019230214721,19
3.04824706040904,0.0144484790012917,0.418397408723943,2.25743874409248,2.75050821582137,3.03400335737627,3.32551380984343,3.89340551882463,838.559165321424,0.999159598864914,19
13.5283186071419,0.07509415093189,1.20510866041171,11.376601259449,12.7106399522423,13.4332174808834,14.2685315252169,16.0819858909935,257.537332180038,1.00138658742102,19
5.80281622787139,0.0187428018306661,0.556923765498116,4.69778035499111,5.41564696060525,5.78295770573471,6.17671636218719,6.92620174922387,882.922277636404,0.999126132109365,19
9.16976465716906,0.0256534110554234,0.757993012379721,7.74842874687316,8.63000250143691,9.13833309028127,9.69229347773062,10.7146005630817,873.052105323144,1.00021841832852,19
1.43525467587434,0.00869536539273704,0.283354324814669,0.882571472317031,1.24062014440591,1.43533986579229,1.6201132828943,1.99531070366298,1061.90097208152,1.00025176790441,19
3.71913351874094,0.0142482507425126,0.425721501195141,2.8515936174381,3.4299302602646,3.71780212601116,4.00993839289107,4.54705301170882,892.746325289764,0.999005600160587,19
7.82261728470174,0.025848593603075,0.72426127731261,6.42584915359132,7.32904082311822,7.80138815814374,8.34181866818738,9.25103046603209,785.085028355237,0.99922571677202,19
1.38632830580445,0.0796477974324442,0.534651575085648,0.7667795378678,1.04304275848569,1.24902244457944,1.56132832560255,2.90573629930374,45.06030846486,1.12498455175905,19
3.10585272018993,0.0140170898740744,0.434601910033557,2.22568801645919,2.81480596947921,3.10429868556744,3.3718260593571,3.98056719132455,961.319043058033,1.0049387430138,19
1.90268432857248,0.00861198620128513,0.256907202507063,1.40120869422705,1.72570700999683,1.88760928127463,2.08443179015768,2.37064991636575,889.909636396521,1.00158511684691,19
0.535100022727991,9.09959065872106e-05,0.00235245676868053,0.531290149027137,0.533528120942764,0.534856844938317,0.53634761608701,0.54067822622305,668.34328629562,1.00023628829912,19
0.653018787733128,0.00150489956861499,0.0320817471235175,0.609115637998614,0.629688146520836,0.647181197813522,0.670984930640757,0.727955503382093,454.465570207573,1.00129945820338,19
0.532512191368434,4.74508344295946e-05,0.00151179091625134,0.52997708559697,0.531479774274403,0.532366653041372,0.533372755364537,0.536185019409285,1015.06944499288,1.00049074867678,19
0.585088171548343,0.000928594280309727,0.0198052723523486,0.558159832409568,0.571166542754812,0.580812533807433,0.594083596151781,0.634866846133992,454.893393335147,1.00390193546771,19
0.598885319850382,0.000475748243240209,0.0113178954933775,0.582245067977439,0.5910426339184,0.596681043018855,0.605503942754629,0.625392019160205,565.948577087163,1.00704119299403,19
0.519219328830165,1.74307883637805e-05,0.000535761806369002,0.518231815922462,0.518873857475856,0.519197736920512,0.519566209355585,0.520365690613241,944.733771778129,0.999007975303371,19
0.542909196902412,0.000210833913913286,0.00497451614076743,0.535404199852511,0.539573752246059,0.542047470168034,0.54536929164265,0.554833674957663,556.69939148515,0.999652600225522,19
0.535510661497569,7.90254324543805e-05,0.00200686286929522,0.532077822437029,0.534080223059619,0.53535999954432,0.53683043200803,0.539597309740581,644.913745264101,1.00222030466788,19
0.557198159984921,0.000375631385935035,0.00775274109075992,0.542442064252365,0.551893607635043,0.556522820976385,0.561868624916845,0.573678521409233,425.977652489369,1.01087694349331,19
0.533664814219289,0.000243945422004262,0.00579693896868913,0.524938888438621,0.529642501391609,0.532853757412062,0.536337682668918,0.548622725974734,564.692619302819,1.00340739912864,19
0.526705705790707,0.000202327450674935,0.00218263444556074,0.523153699360322,0.525225070911593,0.526413731878706,0.527829814065117,0.531961691543381,116.373043002047,1.01506244488625,19
0.550719818689036,0.000327277935891575,0.00600609153121292,0.541284914876924,0.54649682018393,0.549982976946811,0.55434426217488,0.564940642157945,336.783214617364,1.0151154833071,19
0.516406628301965,2.47129231248192e-05,0.000712937150343578,0.515119397749156,0.515891929849052,0.516365779782337,0.51687862971223,0.517906279319081,832.250865325751,1.00503380090108,19
0.528510309876244,3.39115290300986e-05,0.00107758763130153,0.526555536336094,0.527747740016105,0.528472273483828,0.529159590027014,0.530714044560657,1009.74207117262,0.999670773556633,19
0.599957649226291,0.00101964340456095,0.0216265819241528,0.564772207404554,0.585102732716919,0.597050997487903,0.611339251900854,0.650913723818798,449.861824888929,0.999115389155317,19
0.554243450626031,0.0115815936585754,0.0222686256930173,0.525926523734098,0.533189347256775,0.556162177223567,0.570784236455802,0.598988274421896,3.69700624008316,1.92593195565409,19
0.656149066090266,0.00152594257852661,0.0334377726443834,0.601104673306901,0.631913312131509,0.652278712163682,0.675406033341834,0.734517280268949,480.173621587173,1.00673583428577,19
0.526263988177499,4.180434099225e-05,0.00113474951147779,0.524308848107587,0.525440969816711,0.526152356694662,0.526989000968349,0.528710254340403,736.81294234063,1.00001994835727,19
0.548252603030681,0.0001758416375093,0.00556173039832575,0.539053438184671,0.544347580144035,0.54767086407391,0.551399980032886,0.561434934479571,1000.4063204184,0.999710695242045,19
0.56265266582677,0.000305787308424577,0.00862465563350091,0.549459329755004,0.557114326438405,0.5612078218359,0.566887969225154,0.585287553428289,795.508115560524,0.999270976748402,19
0.721641543261435,0.00250322520454279,0.0547512029513523,0.640695299912286,0.681783100052856,0.713850875815683,0.754895389429487,0.850919402492179,478.395939932577,1.0034026915584,19
0.511601245253182,1.2364932475861e-05,0.000398461641077113,0.510883717638625,0.511312065624541,0.511589550494177,0.511867733947446,0.512420444718592,1038.45944448773,0.999020371722888,19
0.517902793428507,4.62042232988131e-05,0.00150275733488375,0.515446938402236,0.516803806641791,0.517835672554728,0.518777592484293,0.521220875400196,1057.82631048204,0.999983338951973,19
0.569263109967929,0.000211761888256714,0.00562088364663201,0.560377103271385,0.565343681272597,0.568435660894222,0.57214255890936,0.583196633601712,704.552871200951,1.0006934690357,19
0.529770640603327,0.000194452286867816,0.00347244358596814,0.524025047692618,0.527356984328327,0.529178300808239,0.5318244008959,0.538085797877981,318.892487006024,1.00454882512161,19
0.58934339939699,0.000534140154115781,0.0121277076086612,0.573147575851685,0.581247249162204,0.586858380317105,0.594309906001848,0.619028371692997,515.521735653967,0.999664176995376,19
0.602678640113326,0.00121145986226025,0.0255643636993927,0.567596322924857,0.583824326392525,0.597946946524091,0.615971407820532,0.667525484970272,445.299200621661,1.00858959261529,19
0.547240793623213,0.000137543940082693,0.00422098341566319,0.540216973091752,0.544264331422638,0.546764807182624,0.549443582510142,0.557027906834111,941.768954204384,0.999164035715335,19
0.551004273135703,0.000240539649140839,0.00592471581391024,0.542062815946458,0.546958841556076,0.550066929606726,0.554130896764454,0.56611441545604,606.682826060672,1.00029934491361,19
0.551481177153307,0.000131183856201252,0.00318231465222915,0.546000887517105,0.549287337530336,0.551215428521869,0.553443882910869,0.558611091347061,588.471522016217,0.999217975057805,19
0.632100556751496,0.00141145793977031,0.0333338248184084,0.586479655669891,0.608589580283683,0.625755293385016,0.648406514023066,0.714528732292409,557.743368491928,1.00011395513132,19
0.544902338464833,8.67871454173983e-05,0.00291937805946924,0.539952719361333,0.542946844259555,0.544755789482613,0.546683712321361,0.551476778123669,1131.53989802053,1.00011025558395,19
0.521796757626601,6.65341154496185e-05,0.00129063163348425,0.519628161490946,0.520915330234268,0.521684518859601,0.522550358462611,0.524370292875952,376.284072827869,1.00187698637857,19
0.536944342218693,0.000167726161361614,0.00430120457487146,0.530127014751308,0.533814876314666,0.536553359951551,0.539552278439264,0.546318687957073,657.625405743047,1.00073348258735,19
0.61463856009611,0.00151988702400771,0.0295424909301152,0.568352711439475,0.594007886635351,0.609062904433172,0.629113731983704,0.690812567357767,377.808397983411,0.999732247835851,19
0.534594746269398,6.15910223163765e-05,0.00178105601048356,0.53154277444651,0.533368627588629,0.53446758952411,0.53567209240264,0.538361265529563,836.219573879835,1.00753822767839,19
0.529338807383315,4.69980527817259e-05,0.00127145047968599,0.52660766388131,0.528618443682862,0.529391862970327,0.530086065434164,0.531744723579603,731.878805581916,1.00800623962196,19
0.558335004054086,0.000244042127980594,0.00707052956582733,0.546927214183651,0.553314209829166,0.557483096748444,0.562227836551169,0.575231629956167,839.41027065305,1.00420446369903,19
0.661620112283691,0.00226426063460101,0.0380295959877214,0.607170597202442,0.634689958636122,0.653425852108318,0.682637094759663,0.747665392143147,282.091883738385,1.00638781902786,19
0.549931299559449,0.000176737234998356,0.00487131274690221,0.542399867417958,0.546408339683153,0.549340006690997,0.552718508812006,0.561037079832125,759.68913161902,1.00124326020634,19
0.556387893592929,0.000183532439153391,0.00509975501150217,0.548032880094082,0.552918646377043,0.55577252571577,0.559286217197954,0.567894393022842,772.098935958188,0.999029737438715,19
0.519256776391758,3.26895095081969e-05,0.000516787736169804,0.518236066280988,0.518948028326804,0.519255256920977,0.51959253158728,0.520213104862568,249.923784944018,1.0011395152544,19
0.529711744378945,5.18445577497631e-05,0.0015003812794492,0.527143922186586,0.528685621950659,0.529518427296187,0.530706353016628,0.533096975919177,837.523352347036,0.999015801473659,19
0.5219472277109,3.66583048780133e-05,0.000740839716297178,0.520681316816195,0.521432803697722,0.521886586946854,0.522463158257934,0.523453621597028,408.41694823778,1.00375806790966,19
0.569835704029926,0.000465907230722439,0.0131661152922611,0.551125996583933,0.56063510523673,0.56749723698174,0.576007269894086,0.602482587219284,798.576280156246,0.999083536592837,19
0.537501614679153,0.000105470513308144,0.00301307517782446,0.532726635795798,0.535383043785648,0.537203705616073,0.539282208782111,0.544618409942663,816.127131848809,0.999000901958863,19
0.527777535504791,3.71672189927984e-05,0.00102647736853428,0.525968508699685,0.527058695529994,0.52766486080589,0.528400850862019,0.529906582858232,762.74369099834,0.999096982679371,19
0.688267464471972,0.00435158514563233,0.0412693920506607,0.614405173432137,0.660565393155606,0.685562948733673,0.715315612092572,0.779119527366951,89.9417164212407,1.06217177798426,19
0.525609823485501,0.00010607892245254,0.00306229682177268,0.52069445713555,0.523538205181571,0.525281743906025,0.527183491172721,0.533521754305952,833.367132580193,1.00702084236015,19
0.566833421532692,0.000231215106006082,0.00749660771579634,0.55509807041335,0.561212293069487,0.566075009115549,0.571298534953919,0.583225000559867,1051.22858612818,1.00143648884485,19
1.05300068183973,0.00272987719761632,0.070573703060416,0.938704470814107,1.00584362828293,1.04570534814951,1.09042848261029,1.22034678669149,668.343286295618,1.00023628829912,19
4.59056363199383,0.0451469870584497,0.962452413705526,3.27346913995843,3.89064439562508,4.41543593440566,5.12954791922272,6.8386651014628,454.465570207574,1.00129945820338,19
0.975365741053034,0.00142352503288784,0.0453537274875403,0.899312567909095,0.944393228232093,0.970999591241171,1.00118266093612,1.08555058227855,1015.06944499288,1.00049074867678,19
2.5526451464503,0.0278578284092918,0.594158170570458,1.74479497228704,2.13499628264437,2.42437601422299,2.82250788455344,4.04600538401975,454.893393335147,1.00390193546771,19
2.96655959551146,0.0142724472972063,0.339536864801325,2.46735203932316,2.73127901755201,2.90043129056564,3.16511828263887,3.76176057480615,565.948577087164,1.00704119299403,19
0.576579864904944,0.000522923650913421,0.01607285419107,0.546954477673853,0.566215724275671,0.575932107615347,0.586986280667548,0.610970718397238,944.733771778097,0.999007975303372,19
1.28727590707235,0.00632501741739857,0.149235484223023,1.06212599557533,1.18721256738176,1.26142410504103,1.36107874927948,1.64501024872989,556.699391485151,0.999652600225522,19
1.06531984492706,0.00237076297363142,0.0602058860788567,0.962334673110855,1.02240669178856,1.0607999863296,1.10491296024091,1.18791929221744,644.913745264099,1.00222030466788,19
1.71594479954763,0.0112689415780511,0.232582232722797,1.27326192757096,1.55680822905128,1.69568462929155,1.85605874750535,2.21035564227698,425.977652489369,1.01087694349332,19
1.00994442657868,0.00731836266012785,0.173908169060674,0.748166653158623,0.889275041748258,0.985612722361874,1.09013048006755,1.45868177924203,564.692619302818,1.00340739912864,19
0.801171173721197,0.00606982352024809,0.0654790333668222,0.694610980809665,0.756752127347781,0.792411956361167,0.834894421953509,0.958850746301441,116.373043002045,1.01506244488625,19
1.52159456067109,0.00981833807674725,0.180182745936388,1.23854744630773,1.39490460551791,1.49948930840434,1.63032786524639,1.94821926473836,336.783214617364,1.0151154833071,19
0.492198849058942,0.000741387693744571,0.0213881145103073,0.453581932474698,0.476757895471564,0.490973393470108,0.506358891366906,0.537188379572424,832.250865325761,1.00503380090109,19
0.85530929628732,0.00101734587090296,0.032327628939046,0.796666090082814,0.832432200483144,0.854168204514852,0.874787700810421,0.921421336819723,1009.74207117262,0.999670773556633,19
2.99872947678872,0.0305893021368284,0.648797457724584,1.94316622213662,2.55308198150756,2.91152992463709,3.34017755702564,4.52741171456394,449.861824888928,0.999115389155317,19
1.62730351878094,0.347447809757261,0.668058770790518,0.777795712022954,0.995680417703248,1.68486531670702,2.12352709367405,2.96964823265689,3.69700624008315,1.9259319556541,19
4.68447198270798,0.0457782773557983,1.0031331793315,3.03314019920703,3.95739936394528,4.56836136491046,5.26218100025503,7.03551840806846,480.173621587173,1.00673583428577,19
0.787919645324956,0.00125413022976751,0.0340424853443336,0.729265443227626,0.763229094501344,0.784570700839858,0.809670029050485,0.861307630212088,736.81294234062,1.00001994835727,19
1.44757809092044,0.005275249125279,0.166851911949772,1.17160314554014,1.33042740432104,1.4301259222173,1.54199940098659,1.84304803438713,1000.4063204184,0.999710695242045,19
1.87957997480309,0.0091736192527373,0.258739669005027,1.48377989265013,1.71342979315214,1.836234655077,2.00663907675463,2.55862660284867,795.508115560525,0.999270976748402,19
6.64924629784305,0.0750967561362838,1.64253608854057,4.22085899736859,5.45349300158569,6.41552627447049,7.64686168288462,10.5275820747654,478.395939932577,1.0034026915584,19
0.348037357595445,0.000370947974275841,0.0119538492323134,0.32651152915874,0.339361968736228,0.347686514825302,0.356032018423393,0.372613341557773,1038.45944448766,0.999020371722888,19
0.537083802855209,0.00138612669896439,0.0450827200465125,0.463408152067073,0.504114199253719,0.535070176641837,0.563327774528791,0.636626262005884,1057.82631048203,0.999983338951972,19
2.07789329903786,0.00635285664770142,0.16862650939896,1.81131309814157,1.9603104381779,2.05306982682666,2.16427676728081,2.49589900805137,704.552871200952,1.00069346903571,19
0.893119218099798,0.00583356860603448,0.104173307579044,0.720751430778551,0.820709529849806,0.875349024247177,0.954732026876997,1.14257393633944,318.892487006023,1.00454882512162,19
2.6803019819097,0.0160242046234734,0.363831228259836,2.19442727555055,2.43741747486614,2.60575140951315,2.82929718005543,3.57085115078992,515.521735653967,0.999664176995375,19
3.08035920339977,0.0363437958678076,0.766930910981781,2.0278896877457,2.51472979177574,2.93840839572274,3.47914223461596,5.02576454910817,445.299200621661,1.00858959261529,19
1.4172238086964,0.0041263182024808,0.126629502469896,1.20650919275256,1.32792994267912,1.40294421547873,1.48330747530426,1.71083720502333,941.768954204384,0.999164035715335,19
1.53012819407109,0.00721618947422515,0.177741474417307,1.26188447839373,1.40876524668228,1.50200788820177,1.62392690293362,1.9834324636812,606.682826060673,1.00029934491361,19
1.5444353145992,0.00393551568603756,0.0954694395668747,1.38002662551314,1.47862012591007,1.53646285565606,1.60331648732607,1.75833274041182,588.471522016219,0.999217975057804,19
3.96301670254489,0.0423437381931093,1.00001474455225,2.59438967009672,3.25768740851048,3.77265880155048,4.45219542069197,6.43586196877228,557.743368491929,1.00011395513132,19
1.347070153945,0.00260361436252195,0.0875813417840773,1.19858158084,1.28840532778665,1.34267368447839,1.40051136964082,1.54430334371008,1131.53989802053,1.00011025558396,19
0.653902728798022,0.00199602346348856,0.0387189490045275,0.588844844728385,0.627459907028039,0.650535565788019,0.676510753878318,0.731108786278575,376.284072827866,1.00187698637857,19
1.10833026656078,0.00503178484084842,0.129036137246144,0.903810442539244,1.01444628943999,1.09660079854652,1.18656835317793,1.38956063871219,657.625405743048,1.00073348258735,19
3.43915680288331,0.0455966107202313,0.886274727903456,2.05058134318424,2.82023659906052,3.27188713299517,3.87341195951113,5.72437702073302,377.808397983411,0.999732247835851,19
1.03784238808195,0.0018477306694913,0.0534316803145067,0.946283233395295,1.00105882765887,1.03402768572332,1.0701627720792,1.15083796588689,836.219573879829,1.00753822767838,19
0.880164221499437,0.00140994158345178,0.0381435143905797,0.798229916439309,0.858553310485873,0.8817558891098,0.902581963024908,0.952341707388083,731.878805581913,1.00800623962197,19
1.75005012162258,0.00732126383941782,0.21211588697482,1.40781642550954,1.59942629487499,1.72449290245333,1.86683509653506,2.25694889868502,839.41027065305,1.00420446369903,19
4.84860336851074,0.0679278190380302,1.14088787963164,3.21511791607325,4.04069875908367,4.60277556324955,5.47911284278991,7.4299617642944,282.091883738385,1.00638781902786,19
1.49793898678347,0.00530211704995067,0.146139382407066,1.27199602253874,1.39225019049458,1.4802002007299,1.58155526436017,1.83111239496375,759.689131619019,1.00124326020634,19
1.69163680778786,0.00550597317460173,0.152992650345065,1.44098640282246,1.58755939131128,1.6731757714731,1.7785865159386,2.03683179068525,772.098935958189,0.999029737438715,19
0.577703291752753,0.000980685285245917,0.0155036320850941,0.547081988429647,0.568440849804119,0.57765770762931,0.587775947618402,0.606393145877044,249.923784944013,1.00113951525441,19
0.891352331368341,0.00155533673249289,0.0450114383834759,0.814317665597597,0.860568658519788,0.885552818885625,0.921190590498836,0.992909277575306,837.523352347037,0.999015801473659,19
0.658416831326999,0.00109974914634039,0.0222251914889154,0.620439504485855,0.642984110931664,0.65659760840562,0.673894747738032,0.703608647910831,408.416948237784,1.00375806790964,19
2.09507112089779,0.0139772169216732,0.394983458767834,1.533779897518,1.8190531571019,2.0249171094522,2.28021809682258,3.07447761657851,798.576280156247,0.999083536592836,19
1.12504844037458,0.0031641153992443,0.0903922553347337,0.981799073873936,1.06149131356943,1.11611116848218,1.17846626346334,1.3385522982799,816.12713184881,0.999000901958863,19
0.833326065143723,0.00111501656978395,0.0307943210560283,0.779055260990552,0.811760865899825,0.829945824176698,0.85202552586058,0.897197485746948,762.743690998339,0.999096982679369,19
5.64802393415915,0.13054755436897,1.23808176151982,3.43215520296412,4.81696179466819,5.56688846201019,6.45946836277717,8.37358582100853,89.9417164212406,1.06217177798426,19
0.768294704565031,0.0031823676735762,0.0918689046531803,0.62083371406649,0.706146155447127,0.758452317180747,0.815504735181618,1.00565262917856,833.367132580193,1.00702084236015,19
2.00500264598077,0.00693645318018247,0.22489823147389,1.65294211240049,1.83636879208462,1.98225027346646,2.13895604861758,2.49675001679602,1051.22858612818,1.00143648884485,19
-14295.3543491169,15.0887195185956,26.2114207621664,-14336.2985139453,-14322.0851324522,-14282.7102794127,-14272.0675251317,-14260.4640236462,3.01770201544383,2.43229245779584,19
