1,1,1.001,0,32.000,NaN,20.700,21.701,0,0
1,2,23.701,0,1.604,1.632,2.400,26.101,10,10
1,3,28.101,0,3.083,3.099,3.517,31.617,10,20
1,4,33.634,0,18.128,NaN,7.900,41.534,0,20
1,5,43.551,0,5.672,5.699,6.183,49.734,10,30
1,6,51.750,0,5.672,5.699,6.333,58.084,10,40
1,7,60.117,0,32.000,NaN,6.133,66.250,0,40
1,8,68.267,0,3.083,3.099,3.633,71.900,10,50
1,9,73.917,0,1.604,1.632,2.100,76.017,10,60
1,10,78.050,0,0.276,0.299,0.850,78.900,10,70
1,11,80.917,0,5.672,5.699,6.033,86.950,10,80
1,12,88.983,0,18.128,NaN,6.417,95.400,0,80
1,13,97.433,0,1.604,1.632,2.050,99.483,10,90
1,14,101.500,0,5.672,NaN,5.517,107.017,0,90
1,15,109.033,0,0.759,0.782,1.200,110.233,10,100
1,16,112.250,0,0.759,0.782,1.050,113.300,10,110
1,17,115.316,0,32.000,NaN,5.583,120.900,0,110
1,18,122.933,0,18.128,NaN,4.283,127.216,0,110
1,19,129.233,0,3.083,3.099,3.433,132.666,10,120
1,20,134.683,0,0.759,0.782,1.217,135.899,10,130
1,21,137.916,0,1.604,1.632,2.017,139.933,10,140
1,22,141.949,0,18.128,NaN,4.317,146.266,0,140
1,23,148.283,0,32.000,NaN,5.917,154.199,0,140
1,24,156.216,0,0.276,0.299,0.700,156.916,10,150
1,25,158.932,0,0.759,0.782,1.066,159.999,10,160
1,26,161.999,0,18.128,NaN,5.350,167.349,0,160
1,27,169.366,0,0.276,0.299,0.883,170.249,10,170
1,28,172.266,0,0.276,0.299,0.400,172.666,10,180
1,29,174.682,0,18.128,NaN,3.367,178.049,0,180
1,30,180.082,0,10.201,NaN,5.500,185.582,0,180
1,31,187.615,0,10.201,NaN,6.300,193.915,0,180
1,32,195.932,0,32.000,NaN,4.983,200.915,0,180
1,33,202.949,0,5.672,5.699,6.100,209.048,10,190
1,34,211.065,0,1.604,1.632,2.083,213.148,10,200
1,35,215.165,0,32.000,NaN,7.516,222.682,0,200
1,36,224.698,0,0.759,0.782,1.066,225.765,10,210
1,37,227.782,0,5.672,NaN,3.917,231.698,0,210
1,38,233.715,0,3.083,3.099,3.433,237.148,10,220
1,39,239.165,0,32.000,NaN,4.517,243.681,0,220
1,40,245.698,0,10.201,NaN,4.917,250.614,0,220
1,41,252.615,0,3.083,3.115,3.483,256.098,10,230
1,42,258.114,0,3.083,3.099,3.500,261.614,10,240
1,43,263.631,0,0.276,0.299,0.817,264.448,10,250
1,44,266.481,0,10.201,NaN,5.800,272.281,0,250
1,45,274.297,0,1.604,1.632,2.017,276.314,10,260
1,46,278.331,0,10.201,NaN,8.083,286.414,0,260
1,47,288.414,0,5.672,NaN,4.100,292.514,0,260
1,48,294.547,0,10.201,NaN,3.200,297.747,0,260
1,49,299.764,0,0.759,0.782,1.183,300.947,10,270
1,50,302.964,0,10.201,NaN,3.783,306.747,0,270
1,51,308.764,0,18.128,NaN,3.683,312.447,0,270
1,52,314.464,0,18.128,NaN,4.800,319.264,0,270
1,53,321.280,0,0.759,0.782,1.267,322.547,10,280
1,54,324.580,0,0.276,0.299,0.633,325.214,10,290
1,55,327.230,0,1.604,1.632,2.000,329.230,10,300
1,56,331.247,0,0.759,0.782,1.167,332.413,10,310
1,57,334.430,0,3.083,3.099,3.433,337.863,10,320
1,58,339.863,0,5.672,NaN,3.433,343.297,0,320
1,59,345.297,0,0.276,0.299,0.866,346.163,10,330
1,60,348.180,0,32.000,NaN,3.367,351.547,0,330
1,61,353.563,0,32.000,NaN,3.833,357.396,0,330
1,62,359.413,0,18.128,NaN,3.417,362.830,0,330
1,63,364.863,0,18.128,NaN,4.833,369.696,0,330
1,64,371.729,0,10.201,NaN,4.000,375.729,0,330
1,65,377.746,0,0.276,0.299,0.750,378.496,10,340
1,66,380.513,0,3.083,3.115,3.483,383.996,10,350
1,67,385.996,0,10.201,NaN,4.667,390.663,0,350
1,68,392.679,0,10.201,NaN,4.717,397.396,0,350
1,69,399.412,0,0.276,0.299,0.917,400.329,10,360
1,70,402.346,0,0.759,0.782,1.117,403.462,10,370
1,71,405.479,0,0.759,0.782,1.083,406.562,10,380
1,72,408.579,0,18.128,NaN,3.300,411.879,0,380
1,73,413.896,0,0.759,0.782,1.183,415.079,10,390
1,74,417.096,0,10.201,NaN,3.866,420.962,0,390
1,75,422.962,0,32.000,NaN,3.266,426.229,0,390
1,76,428.229,0,32.000,NaN,4.250,432.479,0,390
1,77,434.495,0,3.083,3.099,3.533,438.029,10,400
1,78,440.045,0,10.201,NaN,3.117,443.162,0,400
1,79,445.179,0,3.083,3.099,3.467,448.645,10,410
1,80,450.662,0,0.759,0.782,1.283,451.945,10,420
1,81,453.962,0,1.604,1.632,2.033,455.995,10,430
1,82,457.995,0,1.604,1.632,1.950,459.945,10,440
1,83,461.945,0,18.128,NaN,3.450,465.395,0,440
1,84,467.428,0,32.000,NaN,3.933,471.361,0,440
1,85,473.378,0,1.604,1.632,2.017,475.395,10,450
1,86,477.411,0,0.276,0.299,0.667,478.078,10,460
1,87,480.078,0,1.604,1.632,2.000,482.078,10,470
1,88,484.095,0,3.083,3.099,3.217,487.311,10,480
1,89,489.328,0,3.083,3.115,3.500,492.828,10,490
1,90,494.828,0,18.128,NaN,3.367,498.195,0,490
1,91,500.211,0,0.276,0.299,0.867,501.078,10,500
1,92,503.111,0,18.128,NaN,3.733,506.844,0,500
1,93,508.861,0,5.672,NaN,3.350,512.211,0,500
1,94,514.228,0,5.672,NaN,3.183,517.411,0,500
1,95,519.427,0,1.604,1.632,2.000,521.428,10,510
1,96,523.461,0,0.759,0.782,1.083,524.544,10,520
1,97,526.561,0,5.672,NaN,3.733,530.294,0,520
1,98,532.327,0,18.128,NaN,3.650,535.977,0,520
1,99,537.994,0,3.083,3.099,3.217,541.211,10,530
1,100,543.211,0,0.276,0.299,0.950,544.160,10,540
1,101,546.177,0,5.672,NaN,3.633,549.810,0,540
1,102,551.827,0,0.276,0.299,0.850,552.677,10,550
1,103,554.677,0,0.276,0.299,0.633,555.310,10,560
1,104,557.344,0,10.201,NaN,3.633,560.977,0,560
1,105,563.010,0,0.759,0.782,1.067,564.077,10,570
1,106,566.077,0,32.000,NaN,3.267,569.344,0,570
1,107,571.360,0,0.759,0.782,1.117,572.477,10,580
1,108,574.510,0,0.276,0.299,0.767,575.277,10,590
1,109,577.293,0,3.083,NaN,2.283,579.577,0,590
1,110,581.577,0,32.000,NaN,2.950,584.527,0,590
1,111,586.527,0,0.276,0.299,0.850,587.376,10,600
1,112,589.393,0,32.000,NaN,2.217,591.610,0,600
1,113,593.627,0,5.672,NaN,2.400,596.026,0,600
1,114,598.026,0,0.759,0.782,1.167,599.193,10,610
2,1,1.001,0,2.000,2.032,2.417,3.417,10,620
2,2,5.417,0,14.000,NaN,6.850,12.267,0,620
2,3,14.301,0,6.000,6.032,6.483,20.784,10,630
2,4,22.784,0,4.000,4.032,4.683,27.467,10,640
2,5,29.484,0,14.000,NaN,8.533,38.017,0,640
2,6,40.050,0,2.000,2.032,2.433,42.484,10,650
2,7,44.500,0,10.000,NaN,7.517,52.017,0,650
2,8,54.033,0,8.000,8.015,8.867,62.900,10,660
2,9,64.933,0,12.000,NaN,9.033,73.966,0,660
2,10,75.983,0,10.000,NaN,7.350,83.333,0,660
2,11,85.333,0,12.000,NaN,8.850,94.183,0,660
2,12,96.200,0,2.000,2.032,2.517,98.716,10,670
2,13,100.733,0,2.000,2.032,2.433,103.166,10,680
2,14,105.199,0,8.000,NaN,4.050,109.249,0,680
2,15,111.266,0,14.000,NaN,5.167,116.432,0,680
2,16,118.466,0,16.000,NaN,2.783,121.249,0,680
2,17,123.266,0,4.000,4.032,4.467,127.732,10,690
2,18,129.749,0,12.000,NaN,7.100,136.849,0,690
2,19,138.882,0,8.000,NaN,6.017,144.899,0,690
2,20,146.932,0,16.000,NaN,4.367,151.299,0,690
2,21,153.315,0,8.000,NaN,3.666,156.982,0,690
2,22,158.998,0,6.000,6.016,6.417,165.415,10,700
2,23,167.449,0,8.000,NaN,6.833,174.282,0,700
2,24,176.298,0,8.000,NaN,6.067,182.365,0,700
2,25,184.382,0,4.000,4.032,4.417,188.798,10,710
2,26,190.832,0,4.000,4.032,4.433,195.265,10,720
2,27,197.281,0,8.000,NaN,6.783,204.065,0,720
2,28,206.081,0,10.000,NaN,6.950,213.031,0,720
2,29,215.048,0,10.000,NaN,6.417,221.464,0,720
2,30,223.498,0,4.000,4.032,4.450,227.948,10,730
2,31,229.964,0,6.000,6.032,6.483,236.448,10,740
2,32,238.464,0,16.000,NaN,6.783,245.247,0,740
2,33,247.248,0,16.000,NaN,6.900,254.147,0,740
2,34,256.181,0,6.000,6.032,6.467,262.647,10,750
2,35,264.664,0,2.000,2.016,2.433,267.097,10,760
2,36,269.097,0,4.000,4.032,4.416,273.514,10,770
2,37,275.514,0,16.000,NaN,6.600,282.114,0,770
2,38,284.130,0,14.000,NaN,6.400,290.530,0,770
2,39,292.547,0,4.000,4.032,4.433,296.980,10,780
2,40,299.014,0,10.000,NaN,6.583,305.597,0,780
2,41,307.613,0,16.000,NaN,6.217,313.830,0,780
2,42,315.847,0,12.000,NaN,6.267,322.113,0,780
2,43,324.146,0,6.000,6.032,6.383,330.530,10,790
2,44,332.546,0,6.000,6.032,6.066,338.613,10,800
2,45,340.630,0,12.000,NaN,7.833,348.463,0,800
2,46,350.479,0,4.000,4.015,5.017,355.496,10,810
2,47,357.529,0,2.000,2.032,2.683,360.213,10,820
2,48,362.229,0,16.000,NaN,6.633,368.862,0,820
2,49,370.863,0,10.000,NaN,6.500,377.362,0,820
2,50,379.379,0,2.000,2.032,2.450,381.829,10,830
2,51,383.846,0,6.000,6.032,6.200,390.045,10,840
2,52,392.046,0,14.000,NaN,7.150,399.195,0,840
2,53,401.229,0,10.000,NaN,6.350,407.578,0,840
2,54,409.579,0,14.000,NaN,6.933,416.512,0,840
2,55,418.512,0,14.000,NaN,7.050,425.562,0,840
2,56,427.578,0,8.000,NaN,7.383,434.962,0,840
2,57,436.978,0,2.000,2.032,2.450,439.428,10,850
2,58,441.428,0,12.000,NaN,5.350,446.778,0,850
2,59,448.778,0,16.000,NaN,5.633,454.411,0,850
2,60,456.428,0,2.000,2.015,2.450,458.878,10,860
2,61,460.895,0,6.000,NaN,5.400,466.295,0,860
2,62,468.311,0,10.000,NaN,5.933,474.244,0,860
2,63,476.244,0,6.000,NaN,5.350,481.594,0,860
2,64,483.594,0,14.000,NaN,5.667,489.261,0,860
2,65,491.277,0,12.000,NaN,5.317,496.594,0,860
2,66,498.611,0,12.000,NaN,4.933,503.544,0,860
2,67,505.561,0,14.000,NaN,4.133,509.694,0,860
2,68,511.711,0,14.000,NaN,5.733,517.444,0,860
2,69,519.477,0,16.000,NaN,5.767,525.244,0,860
2,70,527.260,0,12.000,NaN,4.966,532.227,0,860
2,71,534.227,0,8.000,NaN,6.166,540.393,0,860
2,72,542.393,0,6.000,6.032,6.450,548.843,10,870
2,73,550.843,0,4.000,4.032,4.450,555.293,10,880
2,74,557.327,0,14.000,NaN,7.383,564.710,0,880
2,75,566.726,0,6.000,6.032,6.033,572.760,10,890
2,76,574.776,0,12.000,NaN,7.700,582.476,0,890
2,77,584.493,0,2.000,2.032,2.433,586.926,10,900
2,78,588.959,0,2.000,2.032,2.483,591.443,10,910
2,79,593.459,0,8.000,NaN,4.483,597.943,0,910
