1,1,1.001,0,32.000,32.032,32.450,33.451,10,10
1,2,35.467,0,1.604,1.632,2.133,37.601,10,20
1,3,39.617,0,3.083,3.099,3.450,43.067,10,30
1,4,45.084,0,18.128,18.148,18.416,63.500,10,40
1,5,65.517,0,5.672,5.699,6.050,71.567,10,50
1,6,73.567,0,5.672,5.699,6.033,79.600,10,60
1,7,81.617,0,32.000,NaN,9.933,91.550,0,60
1,8,93.550,0,3.083,3.099,3.450,97.000,10,70
1,9,99.033,0,1.604,1.632,1.917,100.950,10,80
1,10,102.966,0,0.276,NaN,0.233,103.200,0,80
1,11,105.200,0,5.672,5.699,6.050,111.250,10,90
1,12,113.283,0,18.128,18.148,18.566,131.849,10,100
1,13,133.883,0,1.604,1.632,1.933,135.816,10,110
1,14,137.816,0,5.672,5.699,6.067,143.883,10,120
1,15,145.899,0,0.759,0.782,1.183,147.083,10,130
1,16,149.099,0,0.759,0.782,1.067,150.166,10,140
1,17,152.183,0,32.000,NaN,1.900,154.082,0,140
1,18,156.099,0,18.128,18.148,18.516,174.615,10,150
1,19,176.632,0,3.083,3.099,3.417,180.049,10,160
1,20,182.082,0,0.759,0.782,1.100,183.182,10,170
1,21,185.199,0,1.604,1.632,1.983,187.182,10,180
1,22,189.199,0,18.128,NaN,5.050,194.249,0,180
1,23,196.265,1,32.000,32.032,32.383,228.648,10,190
1,24,230.681,0,0.276,0.299,0.566,231.248,10,200
1,25,233.248,0,0.759,0.782,1.067,234.315,10,210
1,26,236.331,0,18.128,NaN,2.500,238.831,0,210
1,27,240.848,0,0.276,0.299,0.633,241.481,10,220
1,28,243.514,0,0.276,0.299,0.550,244.065,10,230
1,29,246.081,0,18.128,NaN,2.417,248.498,0,230
1,30,250.515,0,10.201,NaN,3.200,253.714,0,230
1,31,255.731,0,10.201,NaN,4.917,260.648,0,230
1,32,262.664,0,32.000,32.032,32.433,295.097,10,240
1,33,297.114,0,5.672,5.699,6.233,303.347,10,250
1,34,305.347,0,1.604,1.632,1.950,307.297,10,260
1,35,309.314,0,32.000,NaN,16.567,325.880,0,260
1,36,327.897,0,0.759,0.782,1.067,328.964,10,270
1,37,330.997,0,5.672,NaN,4.000,334.997,0,270
1,38,337.030,0,3.083,3.099,3.533,340.563,10,280
1,39,342.563,0,32.000,32.032,32.383,374.946,10,290
1,40,376.963,0,10.201,NaN,10.183,387.146,0,290
1,41,389.163,0,3.083,3.099,3.517,392.679,10,300
1,42,394.696,0,3.083,3.099,3.416,398.112,10,310
1,43,400.146,0,0.276,0.299,0.633,400.779,10,320
1,44,402.796,0,10.201,NaN,7.100,409.896,0,320
1,45,411.896,0,1.604,1.632,1.983,413.879,10,330
1,46,415.879,0,10.201,10.232,10.567,426.446,10,340
1,47,428.462,0,5.672,NaN,4.033,432.495,0,340
1,48,434.529,0,10.201,10.232,10.733,445.262,10,350
1,49,447.279,1,0.759,0.782,1.216,448.495,10,360
1,50,450.512,0,10.201,10.232,10.600,461.112,10,370
1,51,463.128,0,18.128,NaN,10.683,473.811,0,370
1,52,475.828,0,18.128,18.148,18.466,494.295,10,380
1,53,496.311,0,0.759,0.782,1.300,497.611,10,390
1,54,499.611,0,0.276,0.299,0.583,500.194,10,400
1,55,502.194,0,1.604,1.632,1.967,504.161,10,410
1,56,506.178,0,0.759,0.782,1.050,507.228,10,420
1,57,509.244,0,3.083,NaN,1.050,510.294,0,420
1,58,512.311,0,5.672,NaN,2.350,514.661,0,420
1,59,516.661,0,0.276,0.299,0.583,517.244,10,430
1,60,519.261,0,32.000,32.032,32.333,551.594,10,440
1,61,553.594,0,32.000,NaN,1.883,555.477,0,440
1,62,557.477,0,18.128,NaN,3.450,560.927,0,440
1,63,562.960,0,18.128,NaN,1.967,564.927,0,440
1,64,566.960,0,10.201,NaN,3.067,570.027,0,440
1,65,572.044,0,0.276,0.299,0.600,572.643,10,450
1,66,574.644,0,3.083,3.099,3.483,578.127,10,460
1,67,580.160,0,10.201,NaN,5.517,585.677,0,460
1,68,587.710,0,10.201,NaN,2.150,589.860,0,460
1,69,591.860,0,0.276,0.299,0.583,592.443,10,470
1,70,594.443,0,0.759,NaN,0.667,595.110,0,470
1,71,597.143,0,0.759,0.782,0.900,598.043,10,480
2,1,1.001,0,2.000,2.015,2.316,3.317,10,490
2,2,5.334,0,14.000,NaN,4.883,10.217,0,490
2,3,12.250,0,6.000,6.032,6.367,18.617,10,500
2,4,20.617,0,4.000,4.032,4.367,24.984,10,510
2,5,27.000,0,14.000,NaN,8.050,35.050,0,510
2,6,37.067,0,2.000,2.032,2.350,39.417,10,520
2,7,41.433,0,10.000,10.032,10.350,51.783,10,530
2,8,53.800,0,8.000,NaN,7.200,61.000,0,530
2,9,63.000,0,12.000,12.032,12.383,75.383,10,540
2,10,77.416,0,10.000,NaN,5.333,82.750,0,540
2,11,84.783,0,12.000,12.032,12.350,97.133,10,550
2,12,99.133,0,2.000,2.032,2.366,101.499,10,560
2,13,103.499,0,2.000,2.032,2.383,105.883,10,570
2,14,107.899,0,8.000,8.032,8.433,116.332,10,580
2,15,118.332,0,14.000,14.032,14.400,132.732,10,590
2,16,134.749,0,16.000,16.032,16.333,151.082,10,600
2,17,153.115,0,4.000,NaN,2.867,155.982,0,600
2,18,158.015,0,12.000,12.032,12.383,170.398,10,610
2,19,172.432,0,8.000,8.032,8.400,180.831,10,620
2,20,182.848,0,16.000,16.032,16.350,199.198,10,630
2,21,201.215,0,8.000,NaN,3.300,204.514,0,630
2,22,206.531,0,6.000,6.032,6.400,212.931,10,640
2,23,214.964,0,8.000,8.032,8.383,223.348,10,650
2,24,225.381,0,8.000,8.015,8.600,233.981,10,660
2,25,235.997,0,4.000,4.032,4.400,240.397,10,670
2,26,242.397,0,4.000,4.032,4.400,246.797,10,680
2,27,248.831,0,8.000,8.032,8.417,257.247,10,690
2,28,259.280,0,10.000,10.032,10.433,269.714,10,700
2,29,271.730,0,10.000,10.032,10.483,282.213,10,710
2,30,284.247,0,4.000,4.032,4.450,288.697,10,720
2,31,290.713,0,6.000,6.032,6.416,297.130,10,730
2,32,299.147,0,16.000,16.032,16.416,315.563,10,740
2,33,317.563,0,16.000,NaN,6.333,323.896,0,740
2,34,325.930,0,6.000,6.032,6.350,332.279,10,750
2,35,334.279,0,2.000,2.032,2.350,336.629,10,760
2,36,338.646,0,4.000,4.032,4.400,343.046,10,770
2,37,345.063,0,16.000,NaN,5.417,350.479,0,770
2,38,352.513,0,14.000,NaN,3.117,355.629,0,770
2,39,357.662,0,4.000,4.032,4.367,362.029,10,780
2,40,364.029,0,10.000,10.032,10.383,374.412,10,790
2,41,376.446,0,16.000,16.032,16.400,392.845,10,800
2,42,394.879,0,12.000,12.032,12.317,407.195,10,810
2,43,409.212,0,6.000,6.032,6.417,415.628,10,820
2,44,417.662,0,6.000,6.032,6.433,424.095,10,830
2,45,426.128,0,12.000,NaN,9.967,436.095,0,830
2,46,438.128,0,4.000,4.015,4.417,442.545,10,840
2,47,444.561,0,2.000,2.015,2.383,446.945,10,850
2,48,448.978,0,16.000,16.032,16.416,465.394,10,860
2,49,467.411,0,10.000,10.032,10.416,477.827,10,870
2,50,479.861,0,2.000,NaN,1.483,481.344,0,870
2,51,483.361,0,6.000,6.032,6.383,489.744,10,880
2,52,491.777,0,14.000,14.032,14.366,506.144,10,890
2,53,508.160,0,10.000,10.032,10.400,518.560,10,900
2,54,520.577,0,14.000,14.032,14.383,534.960,10,910
2,55,536.993,0,14.000,14.032,14.583,551.576,10,920
2,56,553.576,0,8.000,8.032,8.383,561.960,10,930
2,57,563.993,0,2.000,2.032,2.366,566.359,10,940
2,58,568.376,0,12.000,12.032,12.367,580.743,10,950
2,59,582.776,0,16.000,NaN,12.133,594.909,0,950
2,60,596.926,0,2.000,NaN,0.216,597.143,0,950
